Random - 10000
3998
2563
1194
5902
6827
9795
5526
1096
6227
2270
7312
6777
9070
6714
7816
884
6091
9476
8983
7572
1697
796
6760
9657
356
5121
6867
5056
5108
3989
7892
9789
4031
3084
3946
9704
1478
695
9308
8817
876
9287
486
1521
5787
6272
3489
6191
9153
8380
2656
7531
6856
7432
8934
9610
6260
1903
7094
1391
9957
3057
5970
6786
5804
6624
5813
8944
3225
6791
2412
5039
5587
7320
9502
7660
7745
976
5933
5539
5670
1672
3829
5434
2778
3051
6385
2443
1058
1103
6797
9708
2338
3138
8261
4668
4553
8738
2300
2268
2010
3673
394
9207
3115
3284
9741
7072
2486
6366
928
8295
6061
6221
553
6583
3898
5193
5163
6319
8116
2516
4460
3163
6142
2651
1953
1342
2106
3864
6662
8030
6251
9584
4650
6924
5800
3344
4070
255
9340
7743
1438
828
2186
4959
3408
2468
7581
1302
1818
554
3006
9924
2632
1535
4287
1520
3147
3980
3012
4195
2837
5291
5329
4768
6832
7539
702
2127
3742
6638
4520
9205
9659
5656
8657
658
3935
4710
9735
5526
6624
5153
738
4720
85
2302
3719
9077
5637
3211
9194
9290
7533
9864
1904
8414
10000
5487
2370
1702
9033
9921
558
9462
6924
6895
8871
9577
8394
5906
108
9438
6355
2999
1158
9407
2998
1306
971
462
3620
894
2816
6447
1251
887
4828
1372
8462
7092
3863
8617
6426
4060
6257
3397
8435
8708
1231
5865
7988
7450
6512
384
8406
4081
2941
2755
4288
6617
335
6048
5804
858
7675
3702
4794
3405
5544
8368
702
3015
5282
4475
5669
4291
182
278
3029
3723
1037
5829
3474
6851
8726
4706
2572
4258
3996
1185
2086
6701
5287
9358
6274
1458
4334
4421
3095
3358
3194
6669
9109
2507
2565
9986
6767
6778
193
8669
9783
5128
6214
2019
9879
4848
4035
8455
4187
526
9398
5468
3533
7195
6998
3547
408
26
8253
974
622
4797
4964
5319
2917
9669
9078
7007
8860
3556
854
8927
4923
9937
7757
6356
8312
2023
7851
2163
6790
10
6799
3641
6776
4695
2577
6253
2020
215
8013
7189
9762
6000
810
5426
8771
1512
3000
5961
1743
8679
4313
7806
7478
4855
4966
1199
1528
8731
6914
5002
5217
6265
4779
6540
9356
1845
8508
3943
952
8396
5712
832
9848
506
1410
1698
7203
6136
4800
5826
2796
6949
9053
4304
8877
9680
8101
1206
1180
1951
9467
976
6336
2960
6783
4009
3724
1337
3819
1118
4857
253
9228
5792
1731
8814
2366
1644
4970
1082
7680
6671
3032
9396
2935
2200
6690
6127
3119
4206
3288
9929
7883
4634
3030
4050
6237
211
6445
6615
5746
5236
4828
1967
7461
3372
8663
9602
2595
9538
4250
9777
1886
307
7607
6614
6939
5594
571
409
2887
42
3630
2779
1094
6107
1241
5795
908
6782
7362
547
5124
3791
7091
1462
397
3270
6250
5240
3429
762
2169
7346
9150
5235
1804
8160
4013
7498
5034
2321
481
175
3125
2779
1232
7431
252
7976
4781
6976
6912
1873
6982
1698
5044
2485
3802
3667
9645
485
1080
8199
825
4512
9234
3363
7836
4150
512
604
9845
1595
849
2689
2303
8859
7373
9138
9683
5188
1894
347
2459
5716
9100
832
2625
9696
4127
1959
5238
8990
4287
3597
8591
3567
7440
198
1706
3980
9098
4629
5486
7116
6316
5219
240
1472
3488
6240
1490
7340
1338
195
1958
4834
2938
6240
8160
1995
8305
2693
6873
7701
7216
992
8272
7028
1627
3041
7243
8070
2333
7719
7179
8936
9509
2346
7181
4622
6206
3669
5149
227
8797
6270
2997
9389
8067
8947
356
6859
6210
1698
1146
8959
9293
4965
3822
5522
7368
888
4658
6728
4222
8088
6559
5857
2017
4682
3370
9081
7723
6517
8664
9773
2787
7262
9038
6522
2620
5582
304
7508
1784
5522
3595
8719
298
4734
2047
1198
8969
5982
2756
8518
7856
1467
269
7582
9522
6887
3466
4533
1227
6085
2759
8239
7553
5991
1154
6685
5353
3654
5642
1897
7767
1656
8435
1531
7933
2145
7446
3067
516
728
3780
3732
4521
3380
8795
656
7262
5492
9874
9381
8769
8968
6430
9628
3370
4383
7927
7883
9262
1741
581
8318
2609
425
116
1638
5096
5489
2982
7869
892
6250
6503
4789
923
9943
8684
6285
6424
5781
709
3007
9763
6418
9201
5049
7027
8296
705
6806
7631
3593
5525
2696
188
360
8562
20
6945
1682
2117
4633
1654
775
7361
8094
5051
4425
3124
6408
1813
240
1272
3110
2051
7687
7573
8345
3486
8630
4307
6802
9871
4429
7965
6138
9803
6186
4226
6488
3065
4408
4053
5699
1461
5204
2533
932
1917
3148
2262
5286
1400
1463
9214
4429
774
939
3580
4384
6785
4991
5938
1925
739
9261
2019
4312
867
2995
3287
1495
9559
9671
4844
621
6189
5797
8199
761
8996
934
3768
2186
9845
9470
7804
3498
2511
5442
2955
7491
3872
6437
7649
5106
7455
8014
186
6007
582
9383
5382
1110
9758
836
765
6413
1954
8509
668
6850
3189
346
7597
6745
256
7947
4645
1247
996
1201
1878
4550
2269
6684
2421
3229
199
9954
9158
9994
5370
2313
1475
8999
4849
3089
2012
3367
3817
1393
1160
659
2197
2236
3833
9078
2622
2176
5790
6113
679
3643
498
4475
4334
1930
5681
6457
6046
5743
9739
5542
2578
3518
1553
5231
3269
9028
6093
1934
101
2293
9518
7616
3637
3872
960
805
3313
9553
9898
9460
7405
8452
3281
9656
8038
5696
442
4332
3450
8920
813
5822
3235
1401
3285
2898
4334
144
3299
1414
1450
5548
1634
4941
3180
9179
3686
7995
6544
3556
4958
1628
7881
1328
7896
4705
7049
901
5987
712
2045
8528
7296
1318
496
831
4274
9924
5360
8489
2692
9700
1981
1163
7690
1806
8653
2911
255
2443
5260
6762
589
3949
2481
3555
6460
7177
6524
1771
5713
82
3004
5774
9560
7075
7373
7364
6093
1273
9374
4243
1235
6715
5984
4869
8567
7303
1275
5186
8367
1098
1163
8154
1148
315
615
7777
3423
68
4418
9207
8520
8110
122
6403
2249
8057
8270
5963
8265
1749
3485
3459
6020
4319
5785
1599
7680
5339
6523
6295
8826
4763
4160
6758
6047
9433
4848
7823
423
55
1343
3293
6523
3568
6045
5236
9975
9290
5336
3081
5914
2155
6081
763
2475
7205
9868
4317
9206
48
8465
8226
3204
4130
943
4979
4649
7453
2992
623
3174
8325
5944
2080
5502
8156
3687
70
646
8716
5790
4178
70
3089
4686
1425
4716
8369
9195
4499
1616
3528
6560
935
177
1316
2189
8405
5678
4922
1771
1111
2625
1619
3279
1989
5318
1334
7517
8667
1082
4691
548
4602
9743
7625
3591
9192
7291
5701
4876
3380
5839
4233
7565
2746
4933
1556
5100
8815
1075
9651
8340
282
45
6116
7914
6239
4823
8466
1667
1481
5799
7266
8286
9556
3145
3529
7554
4436
1900
7624
370
6741
618
4853
7325
4560
9957
1223
6467
6374
8140
5549
6208
8940
5293
1276
1773
2323
388
8564
8844
5571
7010
8589
4449
4724
5145
6931
5265
8073
9027
2539
2210
5865
2371
9905
6721
763
6307
8832
2947
685
9644
3021
4419
3537
100
5712
3050
1029
3522
8991
9853
4382
9805
5193
3936
7744
6562
2956
2537
5787
7380
4628
8095
3798
5070
3889
2928
8673
7908
8723
9858
9834
472
8853
3841
654
1704
307
9079
857
212
1529
6490
476
9373
5881
3200
3978
6185
3224
5261
1679
2707
5350
6205
7901
3696
4425
349
85
4572
6661
2851
2062
6819
4026
2254
2501
9723
7017
1063
4114
1247
2692
2343
2242
566
4210
611
8678
1794
4763
9379
2216
8069
9398
4592
2181
6748
8797
6731
7707
2624
7417
9850
5568
1794
192
1005
5660
9747
327
5471
981
6022
949
7912
9093
8813
5623
8943
6970
2143
4985
2381
7721
9020
823
845
8608
3287
4529
2751
9111
6962
5092
6699
7970
6408
2187
1411
5430
9219
3441
130
1733
974
769
1872
3336
5956
1884
711
8456
8775
4422
64
7000
1069
2926
1959
1043
2677
8776
2173
2862
4375
6233
1307
6729
3322
974
5428
7879
975
7258
6036
7751
682
5450
9237
8783
1088
2054
7392
4244
2556
3638
4816
4905
2044
2654
8002
8977
2505
2824
9944
5938
2756
4061
6093
1128
8683
2751
3364
9395
9082
7606
5625
9871
1583
2325
5785
9550
902
3464
5149
4820
8163
5324
7264
9390
8622
7947
9634
3871
6375
6083
7350
6729
5339
2658
1638
5077
8480
2129
6806
8399
5978
8905
7702
2688
368
3910
2096
2889
440
8295
2674
1402
463
8558
7702
8812
4117
3242
3068
9905
3653
1679
505
4038
722
3087
1336
7009
412
2167
3055
8333
2722
5272
3421
5391
3106
1425
1024
6933
668
1094
7299
5322
9092
1070
868
6824
7606
3326
4419
3674
7188
718
5910
4365
5195
5125
9017
6019
148
5095
9363
8099
7974
5223
3397
8544
6216
3449
427
4916
1028
4601
5924
1833
1976
162
7807
4933
8086
6300
7723
1007
5706
8837
4753
6018
8284
3514
7693
6973
6747
4339
9622
244
9962
8409
447
6327
183
4116
6390
2684
6934
4757
6106
8283
684
428
8250
8887
8071
3943
1529
3668
5115
2504
2509
4329
3991
4418
6678
9972
5302
5360
732
3892
6354
2306
4417
2279
4995
3733
5477
3616
4948
8477
7368
372
407
4033
6555
2722
2239
8483
9152
9533
9066
1243
5535
55
6322
32
7962
8795
4025
4274
2488
5303
7938
934
9806
3892
7375
8127
4764
8468
2084
6966
915
71
6090
2261
6276
410
1856
1365
1972
4413
2908
4898
8235
638
4159
5176
3772
2871
5975
2445
5263
8705
2094
4475
1002
9892
7167
2999
4430
60
8201
2867
3086
2441
492
6780
6538
7747
8848
2881
2873
6536
9588
9777
1941
4660
2052
3919
1504
3516
4293
4405
9317
5703
7370
9026
4921
7305
792
4418
17
4637
8870
4584
6397
6942
1230
9610
8801
9138
5649
3801
836
8084
9079
2412
5185
1980
7908
888
5259
5709
182
3502
5678
7659
4074
9153
176
6631
6686
1490
9943
9017
4993
2682
1620
7641
7863
4563
5420
4745
5513
707
1080
9379
569
2198
4738
6938
4579
6264
6752
4959
878
1820
2173
3827
690
2331
1074
5860
2404
1532
1876
774
9229
8044
1911
5087
5257
3739
1441
8766
5082
9539
6489
137
8173
4485
9117
9138
8356
7218
819
6870
9298
4178
4680
9874
3478
8069
3556
9058
6287
3892
6942
3255
1070
7523
2571
2611
8744
901
9810
1716
5530
5676
5403
9724
359
2411
1782
7289
1485
4922
297
8405
2038
2758
9057
3916
3786
9746
8664
4629
9970
3438
8311
7280
1303
5938
1907
3354
1113
6391
7252
5728
6908
8594
3395
9053
1948
2030
449
6033
5105
7061
3860
6193
9869
394
3708
1061
4771
3014
7956
9907
9106
9998
1285
2277
8894
2733
9620
4552
6784
9731
7211
2916
2819
7514
8836
6915
8063
7936
2578
4080
804
9558
1226
7470
1052
2612
8239
2882
9603
4214
7388
3774
8578
1111
6809
3146
3606
8761
8048
7825
4176
8366
9674
6757
8437
7159
435
2528
5126
4886
1436
8025
8954
161
6847
4543
5510
9270
972
1621
31
2517
434
5498
9447
5327
1082
6564
9155
8537
6349
2264
4445
3149
7254
2888
5061
861
4098
9689
8386
3700
100
176
247
4891
9205
5417
752
2245
6217
276
4411
4920
9564
652
516
5033
9403
5717
2105
8978
4959
2706
3692
9954
9091
3856
8023
129
4599
3634
1097
7486
7102
5721
7534
3640
4834
5232
1486
4485
4856
5650
812
3074
717
9720
5278
7256
9887
5427
4124
3735
152
3378
9905
3586
9125
1409
9503
614
5494
9486
95
5928
6238
1193
8293
3098
761
4807
5442
6986
2925
9043
5940
3912
8841
962
8760
9409
7659
289
3504
2941
7006
8621
4191
1329
5840
1919
5376
81
2081
594
3143
7190
4375
3218
911
4376
8031
1763
1139
3496
5406
3563
8072
3053
9957
7853
4471
1113
7139
9427
985
9494
7172
8983
1211
675
6375
158
2512
3589
7214
338
806
7756
846
4794
2544
4291
6
4280
8195
7603
4221
2718
5117
5525
8052
782
1247
146
7642
8045
4027
889
4926
739
3208
5755
3999
2690
8338
2567
9200
4769
1023
2717
1063
8324
5388
417
804
5545
5942
5791
6047
9281
3845
5749
4858
4137
6419
6241
470
52
666
2039
5329
1735
2171
8895
9820
5840
6266
3802
8907
5892
919
9407
9958
7124
1688
3446
6749
4491
7297
7471
6216
3542
9670
7536
4332
7777
8071
4538
4969
1130
8298
9879
2544
3348
7351
7218
1634
8811
7852
8674
1668
2254
1313
3364
5055
9918
934
4244
7011
9105
9160
2745
6892
4675
5826
2410
6492
1067
8208
5809
8792
5717
2047
1914
143
3249
2929
3431
6885
5975
1884
6900
4862
8292
8466
7522
3957
278
5675
3650
9980
2257
4430
6191
2286
9595
6751
4296
3264
4122
8530
1065
4295
8760
4413
1014
4403
8992
7260
7203
1944
536
7374
6739
9229
7338
5821
9259
2413
4465
4107
593
8939
220
5015
8518
5443
8578
863
7118
3548
1491
2656
3752
1017
2455
6265
7678
5935
4981
4973
1531
912
3842
3478
6323
5045
8916
9335
2564
9371
4209
5866
3911
4165
73
2937
467
2879
5677
2008
8766
418
5882
7310
9969
7955
470
997
3255
6071
4870
2663
6993
7089
2425
616
5785
267
5925
9155
9697
1923
8844
6365
7896
9052
6954
4181
9160
3622
350
3133
687
8376
7027
9010
8167
8266
6201
6390
6868
6175
4613
2591
6538
6799
6098
8521
7801
2466
834
7590
2678
8872
7781
4326
1527
2662
5732
6065
8602
9756
1323
385
2882
7313
8705
7949
2160
5519
9461
5040
9770
9004
966
2937
5322
4813
127
2779
1766
6511
8926
2612
9687
8784
9632
1514
6040
9815
779
3825
9789
292
1526
394
6429
1122
1033
9158
5614
8873
5309
8024
5164
1104
3343
5112
4725
7664
1302
6419
1796
8740
5966
4816
8455
2189
4385
3901
9824
433
3666
1528
6853
8563
9861
3371
5060
190
4430
4494
678
3306
6852
8896
3566
8210
162
2096
6959
3148
1594
5525
119
407
9398
862
5644
8147
4109
3140
5170
906
2622
2219
1878
2813
3099
6695
7769
3129
6149
156
1740
664
9248
3629
3765
2611
1395
2070
5612
421
303
1653
6180
9627
2073
4963
3081
9688
230
7585
7890
229
9090
7917
9395
8549
9197
1620
3331
8743
1314
5841
8724
2117
1316
5476
2020
7993
5480
1182
431
9807
1098
1928
7487
2469
3165
4019
1873
4286
9474
6586
7029
7223
515
3315
5906
4097
1693
6805
4883
7357
1800
8612
3762
485
7413
9415
4032
5431
2547
2683
2510
4269
237
3232
6986
663
6195
8225
4330
7003
7188
4065
1902
1586
1173
6625
7317
8723
1744
4030
3727
9421
3404
2871
5642
2222
1509
1532
684
9553
9192
4129
8427
1412
1454
4082
7852
7767
7778
7906
2678
9600
3920
5500
1938
6972
5579
474
5874
2336
5019
4387
9547
3614
9906
2334
2912
4658
7882
1493
7500
9388
4157
1894
4667
5384
8495
2355
9126
2633
6300
1353
3018
5844
8442
2429
9380
8840
2650
8194
2299
3036
7041
8536
7945
1393
9885
3662
5831
6566
5767
8328
9637
4091
6484
5627
51
3773
3382
7173
7022
8751
8613
8890
9722
4666
1318
5642
201
6091
3382
4622
2021
827
6230
4609
896
2684
7858
1947
8741
334
9807
9175
3290
4178
5409
855
3157
6294
6790
1934
6264
5375
9251
7003
4938
5861
8569
2373
579
6536
227
1474
4724
4720
6206
5714
849
7202
741
9752
5740
9342
824
4984
4528
7637
969
3403
5750
1176
1444
9856
6951
3564
8712
5982
1374
7306
4933
420
8073
9923
804
753
6220
9520
4845
495
6690
551
8762
4361
2450
473
2246
7422
7242
8841
7280
8318
4970
9687
5058
1489
655
2379
8745
1287
2890
6461
2768
6138
9980
1968
605
4623
1
4239
3672
9644
5367
2319
5220
9523
1769
4661
4283
4492
284
8689
4650
2369
2341
2951
7926
9203
7444
7038
3993
7483
1074
2578
5821
3002
2883
7700
9220
4257
6519
1137
2929
7357
8067
5295
9879
3514
7606
676
6477
2904
2907
1201
5306
235
6139
5020
994
252
8492
59
3341
2237
9625
1308
4304
6890
4911
530
9067
6907
3090
4505
2526
4150
7354
6682
2969
2641
9085
4251
2446
4421
8442
3102
1605
6030
5167
6473
8716
9263
4200
6245
1273
6674
9317
3664
1069
9085
7174
4158
2247
1952
9765
76
2306
3675
7217
6789
3756
4717
1650
2333
7604
4630
4398
6331
9614
1214
9415
2387
4023
3071
6974
529
2576
2829
9816
8322
969
8839
4395
2908
8139
5173
2998
6062
2657
2784
9483
7954
7028
5265
9593
4303
2722
161
9978
4364
8011
6096
4949
958
1847
6882
6801
7906
711
4883
4792
7334
6726
9883
4707
3137
5340
3885
6215
8467
9040
4649
4908
1767
6726
8161
5606
7638
7756
2777
18
8757
2221
408
3807
5422
7473
8043
7830
7164
2225
5736
8471
1535
4346
8383
8657
6720
4478
4765
5486
9663
2385
1482
5225
5704
6790
6307
7981
7700
6935
1106
811
2203
6715
4777
2711
7702
6951
3981
3168
4819
244
8991
8186
307
7864
4022
2778
4669
772
6184
9389
549
6937
7608
7157
759
2680
9561
7537
9149
3157
9248
7880
6401
7943
5735
6786
7932
8015
5054
7155
4732
482
60
8373
1028
804
1460
609
1885
7475
531
5737
1386
6669
8485
5509
5674
9167
3527
568
8087
6492
2071
110
91
5430
9863
3860
1234
4683
6961
5732
2394
9855
8084
556
1943
6978
1405
7338
8515
9054
7393
2502
5138
6560
7382
6460
3220
4336
7362
9492
7444
94
4683
8656
6365
3515
653
5650
8621
609
778
6167
3137
6800
4267
8435
2959
2583
6517
4602
8675
4315
8615
6536
9745
5974
6112
9935
249
4319
5261
5067
3113
6577
4000
6675
2028
2187
2492
8589
432
1653
7149
5822
5958
2297
3732
8958
7026
8581
1520
7140
1314
2092
9496
7443
9947
1491
6245
3936
4398
3423
4269
895
9802
7336
2730
7481
8939
3978
3849
5196
8609
6121
8093
3807
4779
3550
148
4849
2274
7906
3682
9613
3026
7701
6585
2763
1811
3596
2506
8902
902
6757
9285
3013
2091
2200
1805
5417
6463
9948
2167
4130
9618
8962
9328
846
8166
4722
4814
2175
8388
5777
8191
9736
5593
1020
7022
7492
5870
115
2052
9555
533
948
8986
1905
7919
9459
637
4068
9674
3620
5131
9027
2568
3493
2905
4734
6475
3978
4871
7614
3612
6598
5915
3465
8299
1794
7994
9505
5664
2702
645
9355
8720
2898
832
7703
2811
6095
5006
6513
3010
3878
8232
6034
679
1668
364
8611
972
282
2322
1696
8813
1269
2410
7445
9562
9294
705
952
3132
7232
9059
7986
2953
1088
4154
9579
5587
8382
5348
1841
3450
6888
8707
7285
9826
2837
1741
4690
527
3797
5828
5274
2189
4722
8240
6079
4172
2706
8792
267
6584
7244
2848
2381
438
2229
4221
2097
219
7414
1043
3706
5495
5900
5775
6846
446
5499
2256
9982
2023
9696
9664
6561
6430
6578
5265
1532
2532
2355
8547
2864
8342
5897
3298
7951
507
5043
732
220
118
9338
8623
5279
4732
3863
4545
3426
7327
9435
9450
2076
5641
8270
9099
6919
181
2023
3298
7279
2935
8021
7365
3257
4027
3656
1612
7133
8090
4799
2699
4930
3162
2399
8685
3397
493
4732
4332
9206
8297
839
8941
1375
7512
1156
2937
753
9253
5815
7189
4588
7479
7131
1171
5051
7867
8158
753
714
5609
7692
3295
9254
4553
4231
5903
9119
8862
7584
6181
956
9856
5940
7806
6091
4408
3862
5181
6035
2132
8389
6175
920
8442
58
64
6826
2345
3456
8647
6603
3211
7856
1900
7739
8536
9479
5866
2066
8548
2263
7504
809
6295
5863
5761
9237
6877
4536
8459
7985
7940
1317
5413
8294
9107
5285
9297
6010
9419
6833
9969
9491
1077
3276
1653
5398
2666
8612
5955
225
8738
404
3088
7553
7524
9971
4906
3776
636
7965
8328
686
4106
4059
6249
6411
5991
9921
6713
1231
6883
5957
6594
662
3722
9751
6911
1851
9861
5297
3036
8128
7244
8124
1593
1223
4025
4108
3501
4369
1944
9465
1223
8208
3914
3708
6800
330
2825
8194
8221
1837
8198
6304
1104
1529
6238
9283
1613
6831
4891
4034
618
1316
6038
2195
2880
3633
7818
1782
191
8091
4885
5074
5054
4602
9976
6026
1135
3720
397
8940
2432
2247
6519
806
830
5423
901
5573
8500
6292
2305
811
4706
9296
5189
1532
7993
434
6909
9429
5090
7282
6151
3258
6142
4223
1239
3003
8072
4904
983
2018
4279
2531
3948
4235
4960
1229
2884
3952
7480
1775
4203
496
870
1961
668
9468
3751
5469
324
974
6603
5019
2803
1174
1645
117
7804
6418
3057
8478
396
5481
3205
8403
3351
6164
6650
5398
9037
7465
8364
1187
4028
7254
972
4498
2319
390
6351
8424
6516
3635
3343
2585
3756
7977
9135
2718
5627
1443
7756
5134
7327
7204
7631
2861
3389
1491
1967
2158
1319
9284
4644
3782
6569
1567
7446
5887
4755
1760
388
2053
2481
7754
8256
1585
2486
6200
3543
1087
3496
9906
975
4350
4900
9032
8585
2771
8002
6718
1013
1978
5043
6676
8933
3851
9383
4065
9946
4821
3003
8604
8778
8249
7999
4086
9492
6982
5350
2071
4794
2700
8134
8179
3644
7167
6816
9033
1366
2378
3689
5672
4927
1997
9079
366
1202
5909
8663
7711
1434
8391
8379
8926
4455
1801
1538
6059
9949
9372
47
6601
5627
3065
9819
3787
3369
5367
6517
1674
9082
4726
2072
6389
2497
2828
7222
5574
5984
3066
3840
5853
1100
7258
7223
3355
3900
3799
333
4093
9920
72
3477
1971
8351
5658
3289
7580
6568
1673
2841
8944
7050
2571
6721
154
8879
7322
5156
1967
8723
7820
3781
3231
7667
1825
1748
2055
576
9352
4837
9345
8418
1661
8796
6921
9769
1683
3765
5452
9359
1882
8688
2095
5290
7213
8793
8169
4861
4892
7653
4350
9326
641
7257
7434
9522
2064
9157
6006
3829
1983
6526
8697
5702
1472
9977
1902
8814
280
7314
3038
2385
2493
8876
3258
8365
2352
9764
7560
127
9428
6894
6983
8390
2731
1377
4128
2543
3884
1934
3531
9583
578
4539
939
31
5940
9343
4183
2353
1948
2806
1590
2497
263
4675
4294
6967
3976
6485
1353
1529
201
1842
7565
8046
3871
625
9095
7437
2792
6532
4027
3683
3140
5682
538
2915
7901
5186
8
2759
2677
4435
2504
4869
7259
217
5383
2126
8921
2529
626
1712
3644
6038
2149
2650
4449
220
514
191
2217
7690
5177
7140
5673
7845
3546
8452
7456
5191
6708
7300
7509
6782
8297
9120
6077
2880
6256
3171
406
6444
1446
4630
707
8332
9843
3152
2565
1976
6165
3931
66
8324
8187
1207
5172
441
3807
1304
6720
5344
9984
8347
3874
2330
4123
6822
562
3806
6
6444
2245
3338
3034
7776
4274
154
7370
5073
1678
695
6292
1172
3591
8006
146
704
5978
5425
5885
9570
4498
7363
320
10000
8126
573
340
3963
9261
7654
4941
3165
7192
927
2736
354
6732
8420
8015
6404
9682
6846
4211
1006
6141
8645
9013
2
240
1811
7353
9126
1193
5380
9975
5528
5374
3097
1831
6546
9106
8156
1720
9930
5044
2430
9262
4512
2085
4156
5958
1930
404
8832
3399
3165
7623
9700
7478
9025
2552
6177
2261
3687
4586
4533
4522
279
758
9571
9448
9393
8182
9141
3132
6485
2045
1100
5558
3471
5506
1240
9458
9242
1943
2355
3266
8773
506
727
394
7314
2487
2080
1399
9979
4904
8140
1437
6352
9418
4991
6331
9835
1293
5940
1853
8965
40
7261
894
3649
1078
843
9432
1174
5553
441
2362
7034
4121
499
2980
9993
7521
5588
2786
6869
7111
2173
403
1799
2510
5121
8101
6500
5690
5917
3550
268
1527
8613
7049
8155
8741
8825
8764
3570
4180
5847
8370
8736
6265
9115
569
8153
9386
5937
6122
425
9788
890
2561
5234
4614
6972
7112
3808
8657
4788
6212
1438
3518
5880
2891
7922
500
8711
529
9491
7909
7905
4718
9211
4044
4803
1149
6551
4470
4202
2067
6715
3114
1801
3226
3202
9893
4518
3290
7091
5126
302
3875
6544
1891
8073
9289
3384
167
2200
9788
3324
4473
3499
210
1759
9321
4527
7556
1254
9401
3444
1954
6751
8725
6237
3556
3789
8833
1457
3486
6129
5518
8062
5630
8549
5353
8509
7125
3683
6144
2560
4288
4866
6658
1544
6339
5120
561
4004
4225
5419
5270
515
8553
6473
9746
5610
5808
6631
6301
4625
1192
2014
4429
2824
6330
8690
5444
1384
5525
5589
3157
4612
9554
9785
9381
7133
4787
466
5771
2341
3720
3257
2451
5691
7278
5357
805
5989
8245
1987
7612
684
5596
3375
8598
7473
5403
1307
3447
6397
6828
2660
6074
2182
3830
2756
9061
942
5320
6089
7240
3254
4047
8485
8642
319
2212
2639
5520
6593
1989
3398
6739
52
3694
1334
7613
1116
9940
6899
6855
5698
8254
9522
6450
3917
7536
4151
904
5599
341
8905
3726
3867
4920
4610
7513
5941
7855
7699
3033
6610
2933
5748
6167
2110
4579
5720
6598
5677
5898
3215
1929
6169
9247
1925
1857
1146
563
6823
6593
9075
7950
6358
9040
1721
7528
8757
570
1423
8531
5357
9300
1340
6424
3391
3482
5886
7597
4473
5286
7144
8288
2802
3103
1335
7395
9087
6300
6818
9620
1848
7187
5168
3431
6901
6179
3955
5954
8273
442
9810
7157
6145
1076
308
772
3566
7729
3896
6338
9837
7185
4370
4763
4944
2014
4960
4623
9238
8822
5546
6246
1533
7380
8168
9364
7352
2458
2941
6683
875
221
9409
9783
7027
7373
5645
698
4451
5328
4048
2021
9513
666
8878
9135
415
2554
1559
7365
2733
1316
7542
2862
7867
7654
976
1338
6948
2890
5852
7879
2983
8807
6482
6799
9799
4548
4204
8801
6754
8331
9417
8938
3647
149
464
6528
2496
6487
8482
3371
4839
3705
1784
3264
1877
4159
5643
9579
8270
9158
675
8633
6184
7596
8647
7200
6289
4268
5475
3179
768
2373
3256
6725
564
4615
9213
1169
1642
1321
3267
9780
6106
2793
4838
1152
2896
5537
1007
8077
2152
5890
5222
7990
5538
3296
2469
6814
4886
5114
7704
493
2481
9668
4577
1851
5501
6211
3304
4871
3694
628
3391
7828
9561
6729
1731
1217
6031
7601
8158
3139
2183
4291
3658
1106
4122
3031
816
4061
1160
1649
750
3306
9624
7099
8151
8638
6188
7133
9589
2741
2691
4044
7641
1535
2920
3132
8835
1912
3191
1187
9357
9569
6832
6844
4945
2608
1300
4500
59
7905
4284
773
8090
8263
4073
9357
3200
580
3463
2954
3608
7696
874
4868
9879
313
202
5543
9627
9016
6907
6091
5728
5212
1157
2898
5169
4261
883
2205
8684
6990
9431
11
2734
8680
3370
2719
7438
112
1296
6925
5206
1388
7754
306
2667
2855
2133
6237
5277
8998
5824
5485
5690
1478
748
2616
8254
9829
188
2372
9381
5433
4203
374
8768
544
5756
1974
2518
5974
9149
2619
4274
2989
1909
5656
1402
3052
3116
4658
7184
8710
5690
4525
1233
9413
8759
9106
9610
9779
8162
3823
9979
6277
2685
3051
9508
9412
4341
4340
1179
4570
7392
4711
464
6150
895
9131
5608
5435
643
459
6085
2987
8492
5918
6679
6203
7068
2565
2651
8596
8057
9424
5841
7014
5538
3373
6684
2472
3017
7486
7683
7024
9647
2694
1140
9355
6605
8176
8968
9002
7758
2971
9602
3994
8858
2262
5425
190
8765
1652
8356
43
9991
9964
4877
6288
1228
8480
1662
2448
555
4536
7120
3885
9948
4619
3299
6210
4259
7097
6400
9613
5937
9879
7178
6839
5769
8167
930
4305
9232
9588
3930
4222
3581
2951
369
5623
609
4281
2397
2079
6464
470
4487
6467
3181
7290
8320
1005
372
1739
930
9014
9392
5026
3441
2213
8957
2807
6496
8953
5848
6664
7343
3518
4130
5717
2642
3967
7219
5979
8654
4089
9611
2684
9804
7608
2228
5672
1504
7745
836
4650
195
1498
9663
16
860
8953
7913
360
365
7912
8984
9236
8265
2930
9688
7226
564
909
1752
2491
2963
4564
5777
366
7587
7295
151
9560
2677
1873
9736
7977
3686
830
7170
7654
8925
6455
2625
8175
7726
3684
5286
6893
156
3052
6259
9466
5403
2836
1426
3484
4434
3442
7158
607
2367
6764
6377
2302
2533
1682
36
5230
3393
3861
8461
7287
8170
2418
3531
2832
2503
3967
4117
5286
8058
8257
3080
3081
4522
4936
8935
7603
5598
4903
5389
6165
9509
6531
6974
8543
9091
7016
1483
7116
470
9011
7716
2120
583
1263
360
5807
9819
4063
8056
4436
137
3077
2250
4346
5670
2493
9946
7906
7516
5817
7210
7250
6537
3017
825
9422
8004
4134
3090
8822
2602
1436
299
9244
7687
5298
3854
560
9072
3927
4677
5274
3148
123
9390
8275
163
2615
3822
8368
6975
3946
3906
1196
703
8976
1648
7872
3115
4913
9996
7042
7521
8468
9623
8936
5021
8318
6369
4759
4968
9387
1551
1788
1656
6088
6888
358
8421
2554
1017
7710
7483
7998
6904
5333
8955
2526
9558
5704
5324
573
4094
1010
7087
6335
2538
4911
8752
1832
1700
2040
9176
8016
3482
8703
239
3999
7227
664
8175
6570
158
659
1412
954
8913
5986
4960
2806
2127
7275
9003
2445
9979
6939
3879
2562
4265
2773
5153
6676
2044
8086
884
4568
2842
4630
1335
1669
8907
3054
4903
3980
6272
7344
3231
7122
4993
4199
4883
5996
8639
9532
3069
4438
1832
2946
5774
7888
7384
5087
4806
7125
4045
8951
7023
4857
8611
6294
531
5454
4205
7690
5871
1155
8709
4715
4703
6122
6331
4872
3048
9732
5594
8511
9604
6316
3864
9945
9256
7516
5772
4512
4386
2160
5753
3565
9518
2581
2985
5522
4792
3853
3301
3953
1947
1187
4784
695
1304
7765
3956
9113
8115
7059
3652
7753
5383
8546
4400
9525
713
4461
1783
3564
9385
2056
5383
510
6917
7554
7632
9071
2729
1960
118
1367
1953
80
2181
9401
8719
1288
687
7982
903
7835
6769
6813
4455
797
5412
4954
2948
6932
7310
4328
5376
4835
8137
5196
9272
4995
9404
9456
7802
2912
9125
3632
3139
8846
728
9108
9606
1703
1137
7818
5561
2386
1701
752
5530
6464
6502
2939
9551
534
2806
9255
9386
7091
7667
5900
6459
3389
4625
9433
7087
1148
7493
3247
5847
1314
5629
3981
579
3333
9949
7779
4141
9899
1716
1477
8659
2737
7997
4750
5420
4376
4641
3806
2395
5628
4666
7506
9057
3538
9315
3023
5805
9950
7275
8554
1711
3118
8312
2198
2970
9527
9976
1659
871
9066
8786
7488
1174
8450
4955
2678
7984
3052
8549
1936
4776
6179
2786
8562
2415
8888
5286
4773
5655
795
3882
2996
2399
3832
3197
6086
2861
1312
8565
7464
4427
4419
9859
6294
4696
4775
1924
5046
9854
2424
5172
5314
8259
220
878
6176
2457
2449
6638
4495
7841
8758
935
3280
829
4739
7616
6751
5986
4117
7561
9372
8956
2074
4571
6986
9755
4645
2398
1844
5948
5855
6164
9847
9091
1579
8786
4096
1155
8643
5775
370
5440
7956
2357
2467
1275
7043
3061
7077
5405
3434
8583
2044
3103
6708
5022
9265
6774
2176
9002
2674
6508
6133
3335
6883
8521
7491
1347
7813
1729
7281
1709
1169
5046
345
4361
5474
7374
9372
2288
4764
400
8547
1204
29
8728
8883
2529
6142
6538
5548
974
4389
1891
7726
5523
9963
26
1337
7829
7317
4582
7743
3293
3073
9529
8072
1158
2463
3482
2066
3285
5481
6401
3315
4515
2209
9387
8077
1030
389
1629
7868
1678
2801
5141
1199
6875
9762
219
640
3099
5106
135
18
145
325
1005
2966
561
2639
403
762
6264
8768
2467
5967
7001
5949
9451
8757
4642
6555
7218
7973
5981
3258
6197
7834
9074
7421
7296
2285
1530
98
9688
8636
6750
2242
9380
7687
7774
3222
7996
4871
349
5939
8858
8778
874
6276
3933
6879
105
2132
6589
6506
1328
7060
2136
3845
2286
1471
4251
1108
8165
2071
5068
9699
5192
3931
6660
6718
7312
8008
7690
76
2345
3449
5819
2041
7289
172
709
6479
7024
9698
4146
2753
3258
3091
7283
8307
34
8556
9506
6649
737
4838
3481
4570
1876
1732
4112
9968
9467
3817
2817
2895
8718
3
681
8048
4266
9544
3447
7754
9353
5515
9494
8635
7328
7179
7463
7976
1041
5177
5944
1519
4353
9139
3969
8421
4772
9538
3309
801
8548
7340
8725
2771
5329
7383
3352
8419
2786
7547
5175
7938
3738
8275
9004
2527
6421
6544
491
8664
4065
7561
193
506
4458
482
2601
3688
3710
8072
30
2900
4719
1767
8954
4605
2950
2313
2956
3205
53
8059
7016
4493
37
7821
3049
7519
6222
3989
6322
5128
4149
3633
2898
1424
1391
2119
4805
6487
7540
9515
2983
2638
1263
2045
5779
5167
1474
6491
970
6170
3766
378
3103
7566
9647
8621
8015
5856
3374
1520
3311
7642
2001
6756
4765
6691
2405
5926
72
647
3532
3326
9980
4739
6393
6145
4117
2527
4503
5924
6453
6312
8970
8846
3360
6521
6829
3208
212
3237
8154
179
1575
3444
201
2262
5497
4776
2576
9107
1928
1178
6216
8357
5153
5206
4128
4152
2372
9488
7098
2053
481
9201
372
4985
3279
8450
9713
9425
1036
355
5366
6611
6910
3913
1585
6956
7415
9666
5747
690
4855
3478
8590
9685
3755
1324
9593
1591
9476
5445
2144
3956
1731
2810
8312
2800
2640
9933
4321
3180
1321
4990
3269
8421
3575
7565
4461
3033
4813
7494
3682
8438
7434
7374
1824
5505
9757
2440
807
5856
6168
501
6219
4229
2334
2214
3724
9175
2038
4303
3664
3118
6833
7817
4379
5563
7768
7844
9185
2274
5294
1192
4178
7317
9604
5142
9092
5918
8332
9712
3007
9720
1526
1505
7745
6746
5574
3242
7681
9442
118
6746
1745
4442
6711
7017
8077
9466
8067
4018
2385
4778
1294
4059
7383
2961
4379
2610
7084
2719
2075
2038
3108
771
1024
9550
3684
4602
3983
7834
9006
3333
6036
4100
3466
1013
3871
2818
7663
5478
5629
6876
8897
8661
1842
4196
7556
8463
2865
454
6110
4728
4686
8254
3995
1317
3370
337
2170
1670
6574
5641
8341
8931
8851
4112
2254
8482
9310
6376
2868
7635
6889
228
3237
5368
3548
5015
4797
9812
5371
4119
5181
4126
6761
4573
6119
6242
7242
8556
4630
8820
2694
4508
5690
9714
7689
466
7120
6518
2007
5886
9649
9460
7773
864
7841
9590
5490
4855
6679
3826
9597
4872
4861
7380
6208
3815
9997
6733
6658
2581
6539
1176
683
1783
3490
1349
7880
1742
7574
308
5438
6088
2601
4383
1355
2547
5433
4676
5208
9977
9030
1918
6667
6653
4033
1775
1720
1648
9536
3724
7207
7631
6735
5429
3842
1805
6912
8063
7877
6137
2419
7504
9688
412
2896
2999
6088
5633
4385
2773
1169
2881
1213
9052
5192
6890
6319
1938
8164
3675
7205
5441
8205
7486
2644
2671
4973
579
393
5941
388
8357
2763
799
6519
5692
4252
79
1128
5326
1981
8573
2832
9666
3137
2303
9529
4867
3242
3857
4905
5069
32
1026
3816
1847
6912
2219
1890
2029
3409
380
4152
7688
7154
9588
5585
3996
6302
3836
6815
143
7970
497
828
6241
3237
8141
6882
1356
8678
3361
4409
2809
1092
4609
9292
8716
630
3788
5013
9678
587
470
71
8229
9979
9972
3466
8914
7773
3987
3072
774
4946
4661
5542
4386
3598
9305
7911
8505
3831
9381
7306
468
3589
9107
1580
2435
9034
3238
1464
4507
3771
2952
675
3952
5644
8433
6676
1648
9754
8422
2144
9161
5506
4395
420
9624
6991
2294
523
991
2545
7218
432
7490
9608
3180
461
9311
8399
9502
5857
9863
8422
4982
8417
7693
1416
6562
213
2394
4316
4218
1011
1611
3526
6201
8265
584
3757
3514
7171
5665
1608
5515
5101
9127
6865
5200
9587
6324
3387
1431
3796
7272
6560
6468
5540
6033
1587
2153
4528
9894
8629
6307
1789
368
3971
8547
4009
3813
3308
2375
8291
579
8816
661
4599
7222
5539
1331
4401
134
3009
2054
4899
9295
3100
8390
7362
686
6657
5002
4522
8837
5369
2245
2753
3692
9531
1564
7785
213
2766
3058
5343
9801
9549
7603
1889
2595
2291
1433
1725
1865
7045
3006
6788
9523
8735
4463
2541
4842
998
9081
6022
2750
4861
180
2757
739
388
3368
7164
3145
1178
9583
2827
3959
8403
5257
3023
9220
8820
7318
7161
1249
5547
708
9274
7030
7148
5957
7578
728
8374
4939
6040
6611
6453
8323
6267
490
5392
1740
9702
3704
3554
8722
5434
4818
6630
7516
6182
1755
8555
9774
7818
3843
3383
7307
2473
7837
3240
3498
9373
9292
3237
7412
5108
9417
6916
1272
39
4531
7188
539
2892
356
1306
8799
3105
3692
8282
2495
3577
1229
8827
2404
2852
9490
8813
2551
8646
3676
8518
4868
1065
170
6103
39
686
8372
1726
4181
1231
2948
5109
1610
9824
4802
3591
9162
1348
6603
3923
1846
5468
2317
9289
2478
4730
4674
4273
6653
1604
4102
5611
3301
2164
4710
2129
8440
5355
8423
3496
8384
9974
5952
5782
6828
1321
6806
8557
2839
4871
4338
6693
1142
692
5120
3112
7646
7506
6119
4967
6912
791
8496
7242
9074
3968
4820
933
7563
5134
9783
4918
6619
5151
3083
1386
9285
2952
2531
1039
3386
2830
3589
8772
3842
3764
298
9021
7913
2974
1109
3187
741
8339
5309
9736
1600
4562
1097
1512
1670
3532
1735
7227
9707
3695
2746
5623
9082
6642
3614
7330
454
9276
5832
69
5519
5792
590
7867
5236
4787
7168
5033
6095
4445
8242
7465
9393
2877
8664
8398
762
9367
1725
9404
8373
8617
2959
6511
6494
8924
9738
4633
3201
7798
9167
4602
720
9260
2049
3687
7425
5988
5629
157
8306
312
5203
2639
4202
4087
4181
9132
2589
325
2490
3836
7323
2323
1504
5016
2581
9434
2892
5833
7821
2432
5887
7352
3738
269
8823
3893
6165
4375
9278
2020
675
8473
6084
5105
5582
1234
2196
5940
5682
5690
4485
959
834
5951
4575
3205
8804
6750
4184
3413
224
8174
5018
563
7424
7349
3315
5704
1092
5870
7545
3056
9701
2434
2248
3009
4355
2099
1033
363
3246
2104
4576
2123
1661
354
4834
7417
9615
3662
1521
5986
6476
8579
8710
1456
4150
3147
8826
772
7041
7614
6449
358
300
185
3203
9827
5564
1102
6136
326
7268
3109
9088
2369
9442
7696
1612
5434
9593
3421
6076
9379
3798
3092
8054
6689
2113
5504
272
766
1010
3531
7162
730
381
7841
7563
5917
3836
6567
2006
2039
3608
3460
5832
5912
660
8205
4977
2299
2486
7183
1501
461
4866
6869
3822
1756
4
3178
7512
2778
3226
9608
1225
1793
6220
2687
7666
880
5673
9505
2534
3283
7999
8170
8718
1650
934
7676
8438
8384
8570
2569
2872
9043
3476
5738
1923
4547
4452
12
8519
6635
1580
6250
9648
6109
2604
9877
9309
7762
4949
3857
9932
9887
5852
4441
5811
9491
1454
2835
4557
9629
4730
8685
6496
9818
8112
4599
7543
8316
2180
8330
4209
1222
5582
9398
1509
1235
3905
5017
6079
8183
8998
1211
6652
3453
276
1159
5518
8480
4206
7316
6380
1093
8394
8754
7689
9669
7817
9199
5776
7865
1160
8089
1353
814
18
6014
5482
3864
6143
2159
9741
5522
6142
1443
2122
9587
2954
327
6209
3148
3116
7524
134
1614
5949
5545
2121
1369
4085
4871
9040
7968
2965
3356
8916
424
29
8342
8165
7998
7403
1321
9691
9048
1922
3244
9898
6547
4179
7822
7489
604
3034
8982
9967
955
5015
2536
6882
7242
5991
1475
6653
5827
9646
2791
7061
215
4004
5236
8041
8987
8169
1437
2236
2572
4070
2459
7745
6979
210
4335
5041
5028
4765
6207
3963
9008
2140
706
5257
5435
7698
7063
3642
4008
8856
2862
2290
6352
9769
8602
7179
8065
6492
5518
7877
2979
3470
3013
4481
8310
2619
8334
9814
7495
4169
4020
8670
9121
3409
9163
2033
3584
3803
1398
1020
6465
4566
3302
2541
2550
5777
5165
3981
3574
9432
3137
3002
8000
8334
6587
704
2703
2131
3807
5252
4841
6482
7782
8429
7378
5066
2360
8863
5086
2455
1845
7061
1396
3324
8002
1130
6302
4767
5105
964
9036
7442
2296
2414
7384
8137
7476
8977
7316
9981
7191
8990
3168
2828
6972
3210
1287
8810
9243
9351
745
8072
8168
9915
5428
5983
8966
7006
4987
7017
6953
7237
8041
3261
5097
742
6014
5237
2786
2488
4232
8365
1913
6121
6605
2890
6729
1387
7125
4405
890
6764
6932
9267
1587
6880
3685
5090
7719
1133
1122
4050
6667
5059
6799
3757
7255
86
7847
709
2155
3049
6111
9096
2121
5161
5318
1666
1792
3587
3166
1552
1017
3491
4404
7180
858
2186
250
5866
7752
139
9254
6654
7417
6642
1620
2631
471
7489
727
6236
5649
5929
572
7954
3899
8289
7823
1303
8422
3366
9687
6238
4843
5696
924
4423
3552
9548
41
4602
909
6907
9420
2416
7208
1254
4187
8766
8780
7836
3905
5503
1176
3898
6773
4413
4036
5238
779
8092
1535
3560
2148
2835
963
3366
3729
9976
714
9706
1893
6310
7514
322
8472
269
988
9043
1751
39
3162
3739
89
819
9958
4466
4237
3423
7911
5100
6751
4422
6990
9326
1145
8788
3336
154
8374
1986
6716
9097
4946
9539
5844
2899
3501
906
3160
1518
1358
8181
7301
3553
6548
6538
1757
2804
3880
3500
5064
1654
2014
5066
2745
2394
4602
7748
1675
5903
1200
6395
6138
667
2596
4212
7230
147
9487
1497
7297
1450
5459
989
4434
6515
3446
8537
7922
4084
4122
5927
3884
1337
701
5722
5154
1202
7676
9080
4802
4379
2642
9942
5847
5958
8799
7582
9564
8886
3508
6287
4619
7546
8858
1809
1700
4933
8530
1428
9721
4342
951
7572
4790
953
3455
3883
9678
2921
3953
6499
4160
32
6049
5350
5865
140
6535
4020
6434
2704
7885
1488
1306
5972
4215
4744
2879
7274
2700
3711
966
2511
3891
8456
778
8153
5129
8561
7553
6083
3550
5098
2985
9970
7216
9008
5554
7507
384
6571
7365
5428
8832
8752
114
6507
4413
6995
3096
4663
4634
2430
2156
9217
7938
9286
3757
8830
1583
5856
510
7812
3320
5616
3890
502
9556
9065
5766
7086
9502
582
8280
8087
7681
3891
1766
3796
9842
3289
2849
8143
8989
6580
8913
1218
9384
5507
7297
7276
1876
3388
2410
8816
9361
1561
1150
3344
3633
2371
1723
2354
4709
8153
3072
4828
4083
4173
3227
6881
3353
1211
1312
4888
9211
6631
3815
3541
4089
7794
8828
8790
2268
3272
7978
4060
3663
3706
4113
5460
7610
9139
6563
8497
7737
1017
7151
568
2619
1681
1413
8296
4854
255
6249
707
8376
6185
3474
9150
6937
823
7298
4113
1964
3146
335
9179
3732
134
3552
2341
4083
7261
5508
1761
8238
1529
3051
1119
5020
9029
3656
7915
749
1912
4958
8679
1927
1648
2536
2545
9964
6599
4869
9008
3496
3845
5520
9184
5542
8129
1837
2088
2289
4469
3392
9172
8488
4797
8952
9636
395
3835
6312
7184
3826
7115
4549
4070
9405
7806
6555
1954
1798
6181
5035
3785
4723
4188
2271
7249
5943
9856
1471
5632
9400
1918
9291
5760
7611
9866
8312
2844
939
1785
9304
2698
7305
4603
3362
6325
7118
9400
9232
8037
4827
6790
4631
925
2769
8900
2450
9426
8141
6231
9319
9651
843
7374
8043
7688
5259
4739
8785
9931
4017
8577
6925
3805
4614
2173
1591
55
6156
7794
3803
3071
31
8253
2398
9699
1463
6210
9307
1461
5946
5528
1914
1970
1599
6296
8034
7344
348
3165
1286
4868
6897
8696
107
4030
7917
5332
6714
5922
5006
6336
3376
1235
6839
8478
5906
9821
3417
9656
158
3183
1908
9242
5517
9668
3687
6047
6709
7053
2899
2555
2123
9516
3261
3762
230
2047
611
4932
942
4855
2086
6
4610
6549
8757
30
3273
5872
1018
395
561
1333
7870
1726
9124
5067
8279
841
7880
1217
5394
8258
5157
9335
1564
659
3713
7430
8442
5170
4295
3245
4648
9976
3863
1097
9566
5857
2294
4288
4767
8175
9110
6442
347
8986
9409
4428
1429
7912
399
5202
2782
9781
663
8936
1504
9119
1665
8518
5671
8673
6058
8758
1257
6106
3969
9011
6231
1401
4366
160
4299
2120
1170
8161
4561
3954
1450
4666
2402
4433
7565
5347
7404
6200
8821
2948
6813
5434
9370
8835
6078
9126
90
9703
4269
9072
1733
8983
4002
2348
3124
389
2979
4521
1337
7216
9891
7256
8674
5338
3877
1192
855
2072
2558
7040
8963
367
5352
8456
9072
4689
3603
6644
8523
7859
2247
8413
8758
1594
260
5102
9628
6514
4362
7272
3887
9579
9269
7186
2925
3248
1216
9585
6961
597
4650
6928
5334
1516
917
6188
7191
4020
9723
2319
3777
1199
3323
1159
4746
8815
2306
5602
5098
8492
5749
4952
3847
9972
5402
3396
9424
5967
2535
3744
95
4622
1266
8557
4833
2144
9655
4668
1058
9137
7624
4700
1793
7375
6607
9200
2371
1034
4702
4524
1011
2743
3736
428
6055
305
2008
2497
9133
5277
3391
1257
7605
3160
3243
1994
1400
943
899
1082
214
9882
4063
7198
2638
8854
6420
9005
982
7199
7998
7169
394
4662
5909
9129
9297
6484
6338
6446
363
9515
2251
9152
4502
1141
9962
3243
1440
9740
5308
3772
3575
7861
8965
2026
6796
8826
944
4547
5526
2482
516
9732
2019
5534
9011
8404
3977
9347
6716
125
1547
5728
592
232
7655
3307
3218
1045
1292
1708
7559
932
3737
2981
8108
2355
2608
636
1799
6340
7001
8119
9766
3913
4723
2019
6068
2847
1221
2081
426
2661
7859
9086
130
7383
5244
9981
550
8331
1280
5763
7031
791
7407
7406
4506
6413
6557
6115
7212
869
8129
5123
9623
2501
284
41
2700
6607
3607
4466
2144
4279
6166
7513
3732
3760
1417
3295
5516
8274
3568
2628
2353
7785
7310
6292
9217
2509
2007
5665
5188
4362
7859
296
6186
2219
9013
1251
6864
9768
2884
3739
4482
7721
4760
8871
9002
5414
5137
2853
7286
1341
9297
7220
4760
5614
1162
7004
3559
3286
5378
5354
2962
9655
7443
7756
5893
6864
6591
8485
6948
9006
5664
3902
1780
1679
1438
3594
3657
4398
1657
643
9898
8832
1414
9862
2481
6298
8599
7688
8046
9149
6179
4020
1051
3759
4389
1938
9466
3927
8351
6501
6955
5973
9743
5441
8842
5132
9994
3414
4517
3356
9941
8222
5547
2832
3139
2879
3247
3409
2345
6222
28
3621
7181
7361
8051
408
9884
1646
8127
7861
1034
6165
9914
2657
4629
774
7384
8180
2370
6353
7345
5188
2713
5977
5516
8048
237
5203
407
9543
6387
2161
756
1394
340
3813
5565
8580
6797
3572
6583
6013
4676
4058
3092
821
8357
5395
6482
2955
3674
8861
9490
3258
9753
888
691
5605
4455
7766
9869
6895
8522
821
5609
8441
1917
9302
1181
2617
1964
5225
2870
2019
1167
4583
7662
7607
2036
5819
8973
5495
5685
5054
2299
6674
4632
959
4291
5074
6181
7851
771
9503
722
1310
4833
5758
2394
5526
1448
7241
6477
1791
8496
1052
5649
4657
1115
5081
7030
4979
7387
2281
7702
4042
113
3408
3067
850
5008
6571
9211
2343
1456
7641
1167
336
5535
6803
4785
9017
5729
7818
2020
5116
4616
635
3629
8332
6016
4193
1758
1725
7473
5047
2228
3395
2679
1192
9046
9717
4254
277
2846
7229
918
8354
4100
3616
1366
4238
4902
4548
2765
6462
3316
8499
1220
6021
8231
8459
2320
913
1954
479
435
2948
816
1661
9426
6253
6349
4716
6513
4132
5281
1538
2986
5567
1351
4816
3596
2931
3659
7547
5408
3386
1218
9016
8695
317
3172
8291
624
9358
3364
4043
7349
1109
6528
7022
2821
773
6899
7660
157
6250
7032
5642
3151
8898
8026
3046
7156
4149
1478
1810
8877
4098
3794
1071
2405
7287
4919
3767
5331
5468
9673
5751
8652
9373
8311
6743
3461
3586
6270
2744
8661
5517
2824
9401
8121
304
818
2469
4306
6968
7291
1628
25
4538
9815
4893
2354
3496
9764
2093
3342
239
5573
9238
9322
6481
2921
1967
5189
9610
9792
9316
8639
545
4580
210
8029
4957
482
337
2458
3441
4236
7326
119
3013
4711
5188
5042
7587
7247
9239
9828
1755
2347
4844
5621
7155
1611
1400
2890
1695
7454
9364
4622
4105
2752
890
4191
8877
7744
4574
559
6643
4559
8988
8508
5481
2692
2986
4873
796
2141
5497
1418
5012
496
942
1167
5562
6928
343
8424
4726
3179
5324
663
6745
4288
8292
9394
7283
9854
6945
6807
5058
6599
1705
7227
4921
9459
2226
6811
2840
6561
9017
8356
7710
4744
8238
8093
7079
6172
4160
6530
4851
5597
6513
572
4118
7993
5525
2795
3349
5985
4012
3157
787
3688
1722
4600
1352
4728
2240
1420
667
7679
9272
5701
7484
8919
1714
7668
3745
8612
4246
764
2026
2246
3861
4850
5379
5582
8417
6653
2134
9628
5445
2109
7738
7031
9634
2489
3244
1687
9448
2912
7304
3932
2173
8225
7940
4977
5533
454
9897
1114
2094
219
5807
5275
1518
2733
8820
8371
6539
2013
9513
3477
8351
2051
4585
3191
7063
4416
2135
6275
4126
2284
5331
5883
4154
6109
4232
4601
7475
7833
7717
373
2331
6275
7030
575
399
2689
5870
6956
9416
814
2643
5902
8958
4875
3127
972
8746
2753
9726
5281
7334
5346
3153
2752
9668
3389
5565
5077
3512
9279
8504
9766
82
6615
1107
296
1308
3442
1509
46
9052
1541
5417
9788
1142
4042
9509
7499
5282
2193
1829
6837
9141
3959
5893
1023
3199
852
1016
4903
3792
9374
5735
2946
5543
2795
857
6904
8249
4516
6571
5468
5882
7654
3693
3091
9724
2082
2873
3686
337
9699
3712
6211
2542
2159
4627
5885
9262
9927
5787
5443
8767
4089
9141
4766
7470
8725
2590
3332
1178
9884
4710
7626
2807
2260
9988
807
9538
6792
5798
4323
4988
2380
1491
8590
9621
5614
7408
1101
9510
2777
2683
8799
2138
6803
7991
1502
106
3638
6436
9264
964
8428
1242
4301
8183
4627
6994
1371
6702
6048
2161
9430
54
8320
4098
9739
6110
7609
5919
9139
7002
9743
4012
9005
8532
2786
3504
1380
7392
9637
8048
4448
8121
1161
9354
9080
4061
3064
5275
8117
2819
4702
6925
5633
1092
2626
7521
126
6301
3890
8517
7716
1231
8524
3170
9330
705
2329
1412
7926
3187
3715
903
9911
239
4440
1850
2191
7982
5863
7779
7863
2325
6710
2271
6122
6794
5366
5972
1387
1894
3230
5253
5779
3961
7877
9489
3842
5125
9772
2712
4423
664
5175
8203
2554
4121
8859
7551
615
1902
7795
5949
6453
72
157
5786
2372
44
1329
3694
9094
2958
4834
4691
500
6636
8589
8172
1553
6132
7534
911
507
1363
6706
801
8589
2843
6983
4988
8354
1840
5488
9823
5893
6512
5621
402
9988
7917
2359
4389
2322
9304
3472
4
4523
9547
4377
2553
1058
7666
2261
6654
5159
4231
1803
1069
6708
1306
401
6294
5174
1961
3891
3372
6665
5953
1219
9100
6316
561
7051
4107
2228
200
7694
2395
8813
9051
7356
6026
8698
3444
9748
9656
1821
8105
9364
9138
4691
8456
9131
144
4551
4909
2560
1255
7062
2416
8156
8651
5698
4558
4914
5
7552
7202
7646
9085
3053
6415
7083
7253
2749
6588
8335
4369
52
4989
6513
5222
205
4363
2379
7598
2791
9151
5610
565
5936
3840
2946
9076
2970
6102
2351
8792
1706
8282
9622
8749
4351
4716
2281
9500
7359
1360
2842
8494
109
4071
2263
3228
8695
3957
2323
2533
6428
7300
6214
8699
3275
6853
9338
2954
950
4078
9462
7510
8677
2116
4680
6112
4311
8310
1675
5956
9940
4339
6969
7922
4078
1946
4793
2343
8293
6572
9385
9432
7257
7664
39
6219
7978
3411
5017
5986
5244
8361
5965
4836
5111
4613
5882
6569
3722
5888
7509
3905
8175
409
4480
5346
9930
2762
7820
861
8043
8499
8768
1308
3763
5014
658
7610
9683
6110
6113
8350
9375
7196
9813
4838
5666
8431
9599
1852
7243
5039
2634
151
8725
3607
4259
2721
6709
7277
1396
5136
7740
6751
2811
9444
1948
9179
6602
3372
6024
1034
1224
8949
8180
1563
2117
7471
8203
2856
8138
1262
8415
5927
8527
5306
138
5599
5094
8211
5364
2645
8276
918
3918
1378
3936
7860
9034
9074
6612
7301
2190
9020
6753
696
7885
5913
8399
9781
485
307
6449
162
6680
2011
7815
7694
3682
3495
7037
6045
9753
6662
6481
4273
2723
4401
9618
9601
4673
9281
8547
649
8488
6471
7167
9389
4448
5899
8983
2075
5766
5908
6487
5932
12
6112
4902
9511
3104
9874
4252
7331
1546
7334
9182
2182
8127
5409
9844
446
8675
985
6364
4043
4923
7294
4008
7400
8577
7877
5602
5620
8944
3695
3903
2129
4142
810
1233
4616
8538
9444
1863
951
7051
6759
911
2729
7976
4837
2956
4448
1670
2897
3459
9121
956
9671
6974
9996
6306
8234
5363
5318
2552
7769
6863
9157
8339
668
9468
4807
3922
497
514
6367
1583
9533
5562
1310
3472
3793
2077
5130
3341
2747
7851
6973
5917
2310
5527
7309
7081
4367
8239
371
4258
8196
5418
7610
5902
5019
7706
3254
6813
5005
3169
8383
4953
8174
6112
2793
7452
2505
7355
6624
4285
1596
1848
9957
9202
2829
8230
10000
7513
7368
6378
752
9601
2806
6660
1911
4035
5403
1936
75
8878
684
9625
6394
7072
6699
2632
5229
5152
5313
6778
6823
5576
1431
719
315
8289
7265
3294
5032
4406
952
711
9778
5306
1842
7601
2013
8310
8031
5569
2232
5259
1699
5020
4788
7493
3947
8355
336
9296
1582
3870
3299
196
6386
2324
1220
3004
887
2405
6905
6165
9268
8314
843
3362
7692
1253
7170
9340
1852
4498
2050
7190
2277
9839
658
1438
6800
9320
8228
4848
4915
6666
8406
148
4670
3994
6516
1272
2962
4926
7240
7113
5535
6248
6496
8378
1128
7604
6009
391
6230
4903
9117
3620
8021
6486
6055
4222
1519
1385
6351
2675
179
3444
8102
3805
7650
5653
4639
6393
5414
4317
1704
8438
511
3445
6261
1129
8843
5090
7719
4382
4096
9970
2557
3384
8377
4646
8631
2281
7564
8922
8883
4766
5188
7151
3591
7058
8816
6666
1241
4163
3671
470
8814
2865
3542
6244
5853
2658
3975
4259
5087
1938
6735
2202
2230
5304
309
641
1415
7076
8570
768
7637
4581
57
9295
2092
4695
7069
5277
6934
3289
5049
2493
3373
6892
8040
8458
2446
6456
1586
43
8518
4249
1079
8273
3004
2614
9611
3565
6251
5586
5006
3502
8026
8139
1479
9704
6921
1936
844
1777
7386
7408
2033
4582
6378
8653
3194
4138
9563
8384
2527
6350
3791
3334
3355
4891
9715
5319
736
4588
149
4631
8572
1865
2868
3894
5360
3983
9267
6194
3026
3323
9353
2284
6737
5989
5912
1448
6320
9337
8839
4654
370
6432
5390
749
4304
6397
7086
399
5881
9396
1659
840
8151
9205
3032
1448
8026
6022
2109
3584
8339
1534
1894
1905
3919
3262
7211
1007
7118
5754
6008
2277
5103
1925
744
6419
2506
6875
3987
2770
953
4743
4609
1735
8452
4245
4153
950
6855
5378
7595
8366
7058
6463
9879
5986
8814
8341
72
3160
3383
674
2800
3674
2458
497
5568
3195
6572
1304
756
8691
6212
7195
7402
6123
1142
3293
4781
3092
5709
8759
1154
2545
388
2273
9838
149
7042
7038
18
8743
9440
1364
4020
5762
3655
2984
6475
5193
6395
3112
4519
5207
9198
1394
7802
3701
3266
1475
3175
7077
3439
5561
9062
2987
4733
1993
944
8444
5007
9853
9517
7966
9804
4133
8776
2255
2667
2782
2796
5505
6906
3473
5806
1218
6923
6994
6102
458
4380
344
2011
142
5425
3868
9913
8706
5872
7755
9282
1948
7641
1286
2958
9459
7328
2313
5808
4917
9305
8376
4856
8504
1710
2404
9518
3768
4816
1341
4593
1407
7448
5474
2684
4099
904
5909
1569
4714
2979
8218
7110
3608
293
9725
4377
4041
3872
6066
400
858
3477
3656
7809
705
1115
7975
5307
5837
2351
4601
8128
3560
7513
3941
95
6136
1430
7622
2690
1573
1591
4186
6369
3622
5381
294
6241
3300
864
3143
796
3232
7971
307
9102
6224
981
3790
6889
6644
6254
1449
1110
4615
3187
7316
4457
3937
1617
5924
8111
2345
83
5056
7
5528
4831
2869
1930
7369
2387
4970
4312
5292
3351
4462
8912
2554
3135
1740
9020
8050
2144
5200
9095
4466
5100
9156
1692
9649
6412
7252
2332
5225
7785
752
2011
4723
3750
3999
1032
3035
3694
47
3080
9730
1381
5419
7741
5521
5790
2102
5976
1579
1993
4052
7768
4300
4326
1512
3565
8990
5115
9336
494
3706
3901
4493
9731
4043
5294
8454
1984
1870
356
923
303
4885
5970
6751
1577
923
8229
9967
6064
3427
2861
6920
7468
8521
6022
5125
5584
8378
3010
613
6648
7711
9028
2811
3266
9059
3132
6575
1174
9638
6490
226
9795
843
7233
7711
8791
4396
905
4300
7514
7389
369
3280
504
5086
8447
7695
4505
2617
5957
9216
6687
5084
978
6527
7019
9505
626
303
3037
4904
6324
2167
614
7926
3078
9725
7195
6198
4398
3457
392
4702
3447
1664
6719
7021
22
2184
9148
2369
9897
2299
4918
1349
635
4253
1028
4055
4790
5000
6617
7847
3077
8511
397
363
5669
6847
4842
4239
1080
497
1792
2874
5845
396
4677
3053
7999
9559
9053
5940
2496
2252
1777
639
2930
6984
8223
1242
1546
911
4878
7463
1186
6365
7436
4366
1890
7639
9911
2827
106
6848
692
8725
3246
4151
5567
4127
4349
9790
5375
8039
3232
7829
6949
9484
3260
8869
4049
6429
3060
5817
9665
8973
9359
6790
7800
4898
1265
1963
4470
2492
7000
3059
5017
8403
8086
5591
5424
4457
6917
4593
8808
2846
204
284
1733
2723
6445
5287
4847
3158
9079
3672
7526
556
4399
5357
5795
4972
4359
3661
4492
4600
6568
7774
4035
6327
3761
4575
9261
9278
1307
69
5274
5933
3624
9828
6006
1317
8296
4531
9403
551
2104
4578
4832
2872
3975
1511
4882
9296
4038
35
3741
3378
8508
4868
118
7462
8163
2451
681
7250
8162
6734
1227
8615
5912
1808
6187
7704
2434
8556
2106
4965
345
2361
8355
6277
9211
3655
1928
6674
868
864
4987
6382
1897
8681
4902
8388
3088
2167
5288
7690
3887
1215
8605
8450
1296
9446
9688
3183
1598
3687
8319
4180
8032
9027
5956
7992
1758
3042
155
8518
5956
3271
2140
2385
7778
242
1287
69
269
4272
527
680
4870
8861
3045
9456
1077
2633
2130
8110
562
3095
1232
1367
7151
3298
5558
4260
6101
6907
2590
831
9562
5198
7124
3102
7916
8755
9709
8348
3149
624
5537
1890
6090
3675
8103
3893
9338
6124
3740
5209
8944
4769
3888
2292
1132
6716
3293
8813
8100
4183
7044
7587
4714
6600
374
5177
715
8671
5788
4383
3524
6700
3923
1340
5120
797
9079
2007
2434
1909
6763
1093
2924
9369
1619
8765
2666
1252
1694
9976
2542
330
7011
7700
921
5609
2438
4119
5186
7563
4951
1040
406
5256
3832
7689
1324
4553
6505
2376
8931
3671
2050
8069
5099
866
6956
8167
7117
4477
7996
7719
1400
5815
4077
9750
4777
532
8249