Random - 5000
779
587
3880
1384
3260
1987
945
1910
3660
3831
70
2447
3395
3783
495
2547
2944
3293
2776
3618
1106
942
1579
4310
2540
2566
761
3736
3619
3490
3068
4835
1143
1639
4556
3638
2316
4952
2260
690
52
356
824
3043
2426
1774
1446
2252
1469
4102
2877
1507
3352
3821
3998
4292
4394
3566
2110
2249
4871
1495
3710
1486
3770
1815
3903
1258
3461
1969
3597
2450
3399
47
2279
4744
2056
4178
2735
1305
2972
1845
4220
2957
850
1946
4450
727
679
492
2451
1163
252
1899
4508
3439
1673
1374
4630
2722
2788
4899
536
3930
3306
250
3494
3850
913
1576
3944
216
3151
4223
4688
3748
1427
4730
1041
1812
950
2725
2385
1548
4989
1659
3580
2451
2838
2402
3357
2505
2333
4346
2744
3405
3562
4227
1201
1387
544
2547
3211
3642
2316
2606
2758
3244
3944
3080
1440
2430
2883
2542
2023
639
4967
3067
4296
646
2887
4958
3703
1132
835
4185
4059
4848
4106
4580
3461
145
482
2272
2797
614
414
1175
1385
1393
813
1656
403
3755
3843
4194
4606
313
3606
4630
1525
1603
3535
3174
680
2157
4075
3892
3516
1943
1902
2499
1085
39
1259
3722
4226
1279
3377
967
4902
3984
2357
248
238
245
632
1596
3012
341
4238
456
1199
528
3562
950
3061
3578
2169
776
1046
4062
3074
698
950
4178
4622
1230
1318
3368
4233
2544
3063
3236
397
1905
3069
3705
352
3746
1748
831
1258
1446
4906
3407
4237
2466
1641
3879
2792
4473
2366
1560
3002
823
2611
1908
352
703
917
3030
1475
4528
4051
1650
3673
1554
4684
275
254
1854
2763
3635
3662
3764
514
4029
1834
3774
3056
1966
2309
530
2049
4922
3626
1309
1400
2563
1220
3570
1099
373
305
3041
2323
4837
3436
4469
2887
2591
2478
3806
2980
1590
2640
469
115
2974
4615
558
1919
1341
940
3015
913
1744
1951
1999
1994
3891
2255
2906
3020
1008
3441
1609
2189
4369
3587
4414
3249
1232
1716
333
772
1187
1674
3950
2649
1477
951
1846
4321
2743
3664
1621
1067
3102
3867
579
3868
4830
3557
3164
1060
1213
734
3603
5
4610
3274
4354
2736
4579
3828
4455
4158
2670
704
2050
199
791
1502
1906
603
2793
3686
1568
2971
4648
3236
3996
1539
274
2954
323
3494
3014
3348
802
606
3340
4852
1284
1006
1604
4146
3455
2814
3563
912
1885
1267
64
3360
671
2192
1109
3522
2467
277
609
3173
3870
2378
4226
321
2124
1464
2896
2167
2620
2372
4348
1734
2417
3777
1183
2547
2771
1529
567
4908
1285
3527
2956
2425
1935
2300
3017
2295
803
4269
222
1242
132
1101
2651
2687
355
4820
3262
1163
3604
2060
1645
4708
2653
1155
696
1042
3486
4634
701
2272
2099
2345
887
45
1439
3804
1136
4714
2035
2966
2195
3616
2836
1017
255
1943
4163
328
3742
2013
2269
2729
2948
1257
4755
201
3978
4083
4724
3237
2705
2538
3030
3235
964
57
3259
1516
2559
1255
1600
3070
3364
1785
1529
873
612
4158
2848
1742
4434
304
253
3327
1539
1594
943
2999
3026
1258
2889
727
392
2292
3248
4138
544
2384
2304
694
2209
2729
3773
1440
2140
1483
1575
3594
3197
2032
903
3723
2647
4343
4807
4483
640
3226
3414
3953
3644
3235
4041
2964
845
3786
3365
1770
4175
2573
2952
3472
1378
2541
1727
3599
3985
3617
1282
3727
375
1657
1588
1147
1041
280
135
3248
1030
759
3572
3003
252
98
4880
263
1332
4018
1794
3063
413
1950
152
422
4614
4550
858
4480
189
4710
3550
3669
4821
1476
178
3602
1148
4694
2073
4587
898
2875
1668
2657
45
4692
514
2308
2418
4902
3730
405
2782
2223
1125
3427
2730
4570
193
1192
1517
1249
1567
4414
4595
2438
622
1228
3299
2558
793
4391
703
498
4083
4999
3332
3483
3131
3095
1673
682
3898
3192
4661
2722
2353
587
1457
1651
4240
3025
564
4339
3617
1033
4189
4810
3755
1276
1395
4146
2667
721
2841
4433
3844
3456
1205
1365
159
4085
351
3731
1382
3716
3447
620
1242
4315
3111
2877
3452
3896
2624
4225
3696
495
4984
1725
278
888
1912
1784
3802
4276
228
1884
2436
1306
3980
3157
3330
754
2952
3933
2273
1660
4456
1482
4410
3630
128
1189
3776
1209
4323
2416
3128
4511
3031
4795
2458
3827
4510
2834
980
3852
2669
1919
4718
1823
213
2695
880
1409
2046
1052
4943
510
2747
1031
1062
3832
1609
4007
4289
4856
3066
4067
157
2954
838
511
2612
3432
4177
1174
4669
1566
791
2237
2559
2877
3243
4032
4709
630
463
3795
1245
4580
3750
3607
4475
782
2397
295
803
4808
192
3925
1076
1078
1482
4254
2479
3589
1732
319
791
4413
598
2051
634
3574
611
2514
1213
2397
2910
2399
2631
4188
3283
3190
3428
4316
1265
720
1201
327
347
4828
2031
302
1181
2788
1544
3740
996
4217
519
1413
998
4916
4460
4535
3297
1627
1541
547
2664
1020
4496
3328
1255
4760
1884
2341
1351
4495
272
464
3213
4220
2371
4671
2981
3828
971
2202
4189
1865
169
3571
3708
4973
1665
92
3241
1470
4167
676
2159
1349
445
1845
4350
1874
4841
293
3765
4591
43
3886
107
1463
964
4132
1470
2875
1890
1891
2642
1881
2769
1179
4371
434
1308
593
2038
830
136
4371
129
2519
1537
927
1571
2686
2549
3976
2902
3005
3671
4999
2937
1826
3519
3890
2786
637
2420
571
3577
2391
547
2584
2407
887
4145
2986
2101
3066
84
428
3993
341
2752
1458
820
2730
1318
1539
4111
2101
2943
4381
4779
1258
4358
3284
1615
13
3619
406
708
1142
1107
302
4373
3607
2421
971
2106
2867
4464
3804
20
3244
4976
1922
875
4785
3503
4650
3074
3987
3928
2413
4300
2298
14
1686
3336
560
531
3384
2808
1466
1158
1297
2808
703
475
3023
3961
4670
14
606
3461
3080
2714
2811
4693
4023
148
2455
2950
818
829
2499
3970
1318
516
3925
1402
4682
2705
3749
3801
3071
1222
1494
4540
1898
4473
2284
2302
2232
1324
3118
920
741
581
176
813
4432
3632
2449
924
3822
2451
435
3999
546
2898
428
2704
2782
3721
896
2162
1785
3976
3921
1365
4093
3480
668
1452
4971
4044
1809
401
830
1451
2447
3505
1456
265
4649
361
2845
1461
3657
4535
3178
4710
4192
742
3665
326
1039
2801
485
608
4733
3168
4804
3598
3493
2080
1837
1843
1426
1829
1959
1904
1922
3187
380
4642
2157
890
1497
2616
3929
1832
571
4330
172
4080
783
4229
1628
1352
3157
4579
4758
1376
3730
3567
1841
2206
4105
4606
2726
655
3398
4473
4943
3296
2279
4487
1377
962
2295
3783
1391
3196
2519
3452
148
1379
1435
2017
4141
1492
3263
291
4328
1081
908
3830
3813
2906
1771
2127
992
3827
581
2577
792
4316
4901
3612
2791
4710
2938
4575
2326
3904
4212
3262
957
3345
2762
975
28
1016
2934
1206
1744
2144
1102
4376
1629
4719
3752
4468
2485
2366
4145
1733
2514
2898
578
4413
470
3977
3799
484
2068
3024
1141
86
4954
4097
2448
2210
438
1346
1062
3934
154
3144
4499
3736
1133
107
1266
1576
3624
482
4301
4521
3225
4376
10
3486
231
4238
2626
3273
2971
4848
4462
2838
1144
4436
3512
2255
1935
796
875
961
2121
4597
1224
4467
3225
4312
3679
4974
3917
366
902
3992
2169
3728
1729
1779
2488
1108
3566
4170
1049
1939
667
4532
4890
4008
3407
2513
451
3571
3162
441
2073
4739
3097
2620
3509
1459
4282
4004
2161
3099
3032
1246
2494
4815
139
1104
2933
2076
2464
76
3208
2847
4281
1947
2884
1440
312
4477
1774
3059
2221
3940
4679
4039
1097
2624
2109
4871
15
3973
4087
1063
3750
2929
252
3600
4645
1945
2769
3436
4716
4459
981
78
2290
702
2107
1344
3329
1310
1492
1128
3818
4356
4750
924
3597
2634
2108
3570
4650
3196
2339
652
1661
4650
1879
457
2482
1274
2736
3383
2509
322
3252
4628
2548
4443
2690
4436
275
2625
2544
1853
1268
847
4018
2590
3129
3943
864
2990
911
4655
2082
4593
3169
4335
603
1996
1158
3015
3567
2466
2456
1918
1137
647
1890
4829
4774
3161
3981
3737
3048
1247
415
824
1608
674
2976
1267
1419
4584
2538
3553
2455
1455
4133
4196
515
4686
3245
812
2401
215
4369
4066
920
425
648
232
3322
1658
4825
2171
782
1290
3559
1114
971
2003
415
2497
2075
1532
4752
1126
959
2884
3286
3164
4037
699
3203
3446
4818
1548
1243
1035
3069
3991
122
2943
706
956
828
2291
376
3330
2400
923
2408
2861
4906
3517
2130
93
3716
1649
2461
323
2624
3772
2043
3783
1708
3903
943
4220
107
4508
4564
381
2132
3200
235
674
753
1364
2432
1602
751
582
570
1036
2396
1540
4837
185
4938
824
2766
4984
1446
431
3330
2237
1861
2452
811
3756
3541
986
288
3103
3547
1438
2984
3247
4886
3626
891
2880
3966
1694
1733
29
930
1210
4104
4018
3782
2230
45
304
1557
3106
2686
3930
1417
665
2995
4559
4764
1512
3271
2689
1001
3589
702
3314
1932
4019
4630
4478
3275
1849
1462
1043
1960
1522
15
316
4508
1103
2718
1950
1393
496
1819
3698
2716
3091
2770
3369
4749
427
1691
1270
596
3665
2704
3668
2250
3160
2699
280
753
2354
3393
4842
4313
1456
2438
933
72
3479
4254
2486
4549
2798
373
1025
1058
3932
965
2550
1139
2262
2034
4523
4135
454
3971
4627
1250
3223
1103
2292
676
4725
3944
1926
1570
4946
4929
1000
4919
2122
3880
3996
2366
1144
4264
4698
3887
1377
55
443
3788
494
358
2116
1286
1376
4530
1722
73
1524
3213
2908
3816
1550
730
1092
4391
3329
372
1888
11
3892
1105
3197
2544
4857
4640
859
3423
1935
2164
1291
1433
2959
3772
1060
989
1395
2209
1390
1034
4066
3075
3790
3394
1105
1608
495
4899
1611
1786
2578
3026
1473
332
1268
2350
1333
2273
318
1455
656
2273
1010
1609
4660
2856
961
2841
1795
2213
2697
1562
454
2348
732
2340
3642
4608
1564
4131
4908
1353
1258
4431
4781
3621
1173
1101
4553
2574
2512
3521
426
3609
2124
1558
889
918
2829
4612
3604
2361
2473
3981
2811
139
2970
3980
2245
2141
1893
722
3415
4603
739
1150
1732
969
3757
3049
4457
637
892
2963
3895
544
4414
2789
4907
4866
2501
1100
4530
969
1601
3246
3366
2422
1598
3485
1838
1084
2216
4421
2721
1885
867
3156
1803
3731
103
485
896
3248
4544
1656
4077
4211
1619
1362
4710
80
197
4516
418
4042
942
4586
4690
1095
4298
3819
4521
2152
1536
3136
4246
1756
3388
2771
964
4088
1599
3606
2914
2285
4478
1020
4470
494
2504
736
1525
2308
3992
2560
3582
3879
2603
2333
4012
2227
955
34
4002
4326
3634
1159
2376
1770
1243
1497
2804
75
2209
2887
3548
486
1971
4715
2720
459
4327
4948
1989
1393
2011
3164
539
3629
4892
3658
720
295
173
3999
821
3849
2961
2277
662
668
3299
2120
4799
176
3578
4165
4546
4144
1171
1738
4342
3448
3382
1641
2049
141
2587
844
2965
4735
3029
4854
4697
4301
724
1660
3558
1109
2977
2303
4826
4310
3098
1718
3474
1724
1269
3396
3775
471
1041
3779
2683
433
232
428
3605
2306
4209
261
473
4386
19
4277
3259
2194
3907
4263
3129
1687
3342
2304
4432
3948
874
1166
4711
1562
2078
3712
384
2159
3339
2044
309
441
1074
2865
175
3021
1564
2738
4601
2209
448
1610
2699
4866
431
3042
1178
3802
900
1789
3005
3249
3112
1893
2955
4167
3426
4988
352
1340
2219
1288
4855
900
2982
587
1232
107
4870
4582
1106
616
2691
2722
3300
1689
2668
2467
2502
4523
464
3002
4221
3603
3208
1565
2323
678
2876
3693
2908
2090
822
1299
772
639
155
1823
3287
4166
4085
127
3465
1692
4437
3673
2612
4690
1966
1014
3863
2909
4389
2466
2499
1693
4941
948
3081
2148
680
1318
2871
3556
3543
3305
1490
3973
3218
3233
1798
643
2763
3328
1432
4080
2580
314
964
83
393
893
1306
436
2360
938
2651
3594
1373
2524
3154
1940
3266
4852
4270
2704
2988
4895
3404
2579
2240
4437
489
3646
3540
3806
3653
3177
1427
4210
938
3150
2536
853
4396
653
1852
4126
3243
4920
2770
3403
403
3290
1231
4891
829
2145
3143
2031
2046
620
4570
3150
3141
3618
4222
371
4250
1858
2966
3869
146
3601
792
635
4895
707
4213
1538
3876
4521
1313
4580
4110
3187
978
4975
1782
3938
4405
3231
2380
1308
3795
3544
3309
1373
4539
2237
4949
4919
2762
2574
2015
4150
4893
2554
2656
2107
2775
969
3900
3426
4958
835
1305
2354
4383
731
1864
776
1714
2186
4922
3200
2872
1977
1118
2730
3112
3655
4416
4997
2898
3010
3950
1586
4795
3390
2964
2816
2119
4767
3815
167
2004
1989
2694
3035
1826
3483
261
4079
4129
4844
988
3203
3092
531
4204
460
81
292
4769
4903
962
2541
1730
2826
3877
4347
1901
62
4239
3218
2968
3916
3600
1140
1267
2219
1768
21
1857
1236
4152
4937
118
4450
1682
227
3562
2249
3994
1747
2722
1850
1614
3394
4808
1024
4433
2669
3585
3946
2757
4980
3196
901
4118
1974
1731
1437
44
1419
2985
2049
4145
2613
4332
3584
1193
4212
844
1491
4366
3085
609
2273
2307
926
2563
4641
3057
3088
3250
4463
4565
2889
4158
2278
4058
878
41
246
2187
2898
809
4330
3321
1925
98
1434
4266
747
2319
4928
795
4823
1505
2600
3884
3956
384
81
2105
3761
4910
810
2090
2887
563
691
4064
1648
3643
2913
4927
2861
2628
997
3179
2363
2004
1058
3443
4692
1039
2706
2739
1934
4757
4676
1277
4946
4538
395
1743
1907
2031
3566
1240
1696
679
583
4043
2304
1388
267
3838
4321
3407
773
4453
2901
4270
3519
3647
2562
1743
3518
3562
4396
2923
3072
4899
3313
926
4045
885
417
619
4567
499
464
253
440
2177
2730
3759
695
1227
4026
4981
1878
617
3190
2076
610
4571
1370
196
2040
3486
3671
1270
1113
4961
3064
3032
1074
2921
1873
4909
3842
4631
4045
553
3648
4028
1186
890
4417
2339
43
2675
1083
4388
4690
2082
1801
465
4808
2145
4684
2609
2066
578
3378
4195
3017
2939
2045
3308
695
2096
587
609
4753
872
4125
4120
293
4120
3262
3569
1921
1708
1162
1194
1941
1948
712
4703
2271
2123
3190
3793
2081
2506
4215
2965
4177
1955
3860
3029
2421
3050
2964
1260
2304
557
561
1395
1478
3461
2361
4649
3896
1421
1533
4151
3892
270
1738
392
4692
2813
1401
3440
537
964
3957
1964
652
4709
3457
4319
1408
3814
1539
1957
2696
2397
4897
4423
3361
493
2478
831
267
4009
825
2086
369
4701
403
2649
4282
612
4475
3770
2140
1987
3567
1355
1229
1093
3809
365
2133
264
2884
2982
4739
3236
4009
377
490
2572
4946
1336
991
1357
3171
420
370
483
1968
981
1367
2699
4510
4069
1080
3675
1050
1150
3152
2214
4152
1068
263
1923
874
3333
5
3237
3861
645
2773
3414
3305
1982
2272
28
3709
2669
2786
1229
1468
88
1605
1119
1728
587
2464
992
4401
2090
1683
292
3858
1688
2746
3805
993
3973
2187
4549
1337
4791
2150
4047
2958
3144
481
3131
4052
3581
4893
2408
659
4550
4360
2555
3419
2721
1375
2918
4561
2345
376
2412
139
4036
2666
113
2198
1579
4585
95
4889
1978
2666
2435
4293
935
4727
2509
323
2895
2335
4774
986
4916
517
116
332
675
4484
1
2205
1081
4852
4442
4799
558
2707
4747
28
794
1883
416
2049
3979
4947
766
4890
1433
989
1863
1032
2905
3628
1460
1157
101
4272
2038
1240
1028
616
2245
2649
4598
4706
1921
1170
416
1089
4487
3223
4806
460
1859
2924
1054
3807
2228
882
4609
3017
1677
3870
2173
2233
1767
2094
781
1949
356
1289
1626
3480
3470
538
810
543
2190
2927
1711
3409
737
4700
4307
1361
3893
2040
895
4713
577
4825
4811
3437
2650
3825
2648
2073
497
4204
3433
3975
4482
4076
3959
113
1008
4531
2539
631
652
2964
4351
62
3133
2919
1662
3429
3993
4679
1666
2845
9
426
556
1629
4306
2388
509
4807
4000
2952
2787
3475
1637
3724
1632
1061
2687
3408
2909
2677
3280
83
2163
516
4007
1130
4810
990
3132
222
1754
4800
2824
1489
863
3702
4682
1317
3242
2313
270
4064
3585
1540
3129
3519
3081
762
1448
1486
370
638
549
346
2145
2351
1883
4035
27
2229
601
2410
2396
4636
1578
10
4552
44
190
598
33
3210
889
1087
3855
2360
601
1840
4557
1131
485
1672
4896
1646
3560
4883
4171
4723
1365
1654
2125
2409
4845
933
2292
3927
4843
3899
2843
2275
1281
2452
1919
1487
4724
274
1135
2320
1369
1819
1018
1701
1027
1483
2162
265
3349
2235
678
780
4761
734
3509
1548
4699
1436
3870
3851
2456
2493
453
70
3976
763
1200
4042
2522
132
767
1675
3727
1539
3090
546
4158
3586
940
2458
3735
4582
4509
1263
507
2431
1614
4643
976
491
1005
886
2611
894
1345
1034
1374
4375
2487
2217
1921
2882
4698
587
4444
253
4242
4183
403
3770
3611
1757
2898
4312
2142
1238
1159
230
4260
1769
1288
4390
3799
3187
1153
1961
1499
3554
1568
820
4785
3182
1044
3695
1133
3277
839
2846
509
1905
3764
326
2178
2976
251
4077
2907
1135
4002
2374
3388
308
2102
4264
3174
3271
4063
4011
2408
539
409
3782
1963
2487
4406
2783
1459
2900
3273
2072
3001
307
3526
1266
3221
413
4742
2185
225
2669
3518
2652
2649
2461
3910
967
2814
3148
2135
239
2402
4249
678
713
4382
4295
525
1623
720
2637
1689
4176
1200
2385
1862
4307
2536
2128
4934
3648
3148
2844
2424
283
3791
843
4573
870
4573
2648
1566
1137
2359
120
826
3649
689
1427
2772
674
2256
1164
1624
1746
4991
2231
1494
1980
4528
3303
4855
2230
2079
4609
2269
4511
1898
1648
4959
1296
4045
2077
4561
4174
179
2347
4458
3289
3455
3373
3287
3941
1295
3109
341
4410
4242
649
3227
3698
880
2139
4582
4782
1976
3694
703
1949
2255
2657
335
4706
1380
1057
3418
1209
457
1447
4921
55
2683
3834
138
971
3122
2819
2714
2436
1700
964
3122
2280
4516
3787
2815
1174
2681
2649
2099
2680
4993
2473
3242
217
2660
4119
1127
1671
356
463
228
2869
2362
4879
4832
2048
3028
4466
4115
2100
3858
210
885
3506
1769
2745
541
2448
4727
108
1598
2765
1492
2829
1707
1575
3409
3827
2194
2395
1899
1800
1199
3976
280
1847
4839
2585
2602
1536
1309
309
4313
2409
3322
133
1314
3826
2765
3225
1861
4149
3314
3743
3029
241
1518
2473
4025
4722
2281
2690
2335
4054
2228
4317
1296
414
3346
2185
3207
2111
203
2069
1722
868
3588
3804
4019
2010
1066
2741
4169
4399
3460
3002
4823
3024
1265
203
4086
1134
4015
4023
942
1764
2578
750
1711
1696
789
1021
3223
715
3099
1534
3228
2031
2798
3852
2672
3556
4889
128
3605
527
329
4795
4758
4959
2245
2465
2781
4477
535
2918
3363
575
3931
728
1018
4921
1860
2640
462
1082
3198
4686
986
246
4614
1160
2342
2365
1773
4278
2142
1911
539
2653
3598
4722
3449
3871
4970
3994
4127
772
2090
3963
1996
3279
4467
1790
4691
3270
2120
4118
4970
2887
383
2726
2303
3508
1304
4481
2667
651
2200
2085
4856
3269
3652
1556
991
1673
1065
2393
561
4300
2480
4020
3152
2030
3430
2049
1870
1204
1666
1675
4067
3342
816
2593
1892
981
1378
547
1182
4019
2926
3667
3915
422
411
1714
4379
2818
2141
3998
1235
4538
1384
693
1899
3731
1449
4408
4169
4438
1503
1591
4852
3807
2353
3605
4155
4206
3833
2224
227
3690
2414
1591
2167
3613
623
2896
3594
3472
2515
3317
4384
3363
4966
4954
650
1793
2790
4070
3273
3798
4332
1100
2618
958
85
2013
4567
364
2808
4923
3934
891
4818
3580
1330
797
2933
4049
1231
4453
1607
3834
1668
3155
359
2721
2081
3163
2514
3847
1808
2162
2043
2062
576
4775
3554
1453
1971
1618
3899
193
4666
1468
3415
1878
2863
4882
1432
3170
4111
495
973
3978
2483
3036
813
532
2067
759
1345
1360
1971
1454
1682
507
4242
2526
4138
1329
3589
1316
1614
2790
2211
735
2209
4682
2249
2568
3948
4111
4822
2176
2512
3848
3232
3668
3622
1447
2885
2743
4750
1291
1862
1013
165
1501
2486
2007
4002
4573
360
3431
638
1862
2926
3114
2123
3538
3254
4653
3653
4091
1503
1269
902
2232
2977
503
590
4056
4290
3720
4127
901
3525
3467
1470
4824
3262
1141
2061
790
2816
838
3670
3580
3487
1751
2098
860
3569
26
128
3331
1622
2410
3961
3974
4449
3296
1935
2641
271
1959
838
1539
4773
2789
19
4082
4126
2246
3801
2830
1881
766
4018
3957
1353
91
714
3402
310
4789
4024
1459
3048
1291
2374
334
4148
435
3439
462
4624
3934
1416
1648
3936
798
983
260
1491
484
1224
515
3719
3266
175
2036
2008
3970
2591
3154
1496
2353
777
502
2761
660
864
4292
638
1821
4849
548
4495
4906
2913
4296
1643
442
3134
3325
3432
3341
3135
4672
454
2799
4736
2454
3985
656
37
4064
1565
1771
1695
473
4212
3657
1965
4661
443
1025
2882
1359
3571
3167
4412
383
523
1454
4981
1367
2058
4155
1370
3321
4122
1768
4361
4191
1480
177
287
1430
32
2590
3839
1663
1510
1309
4887
675
1327
3428
1429
4683
4702
3024
3694
1778
986
1149
327
87
780
3155
1413
2234
3255
1889
4078
2058
2992
1296
2994
529
2837
3343
1588
3181
1178
2902
2803
3100
4934
801
2174
2739
3940
235
2764
2019
4126
716
2528
1721
1147
3497
3683
2640
2569
623
3164
68
3374
3555
1954
3438
2784
1561
1467
4423
2221
3207
1709
2163
1812
3220
2009
3996
3074
1859
823
4120
2321
3406
3173
1464
1467
4673
2193
597
2300
1789
4294
4017
141
2477
3435
623
4013
3368
1766
1969
3354
3403
3104
2004
389
1074
42
1842
4100
3283
1118
3228
3569
1048
808
3345
2695
2407
1707
4871
1996
1247
3048
541
2378
3137
3337
3314
4216
1361
555
2246
174
343
3258
2900
3742
4934
1686
4136
2605
2377
3867
4218
152
4629
1391
3719
4228
1735
4565
3769
997
1354
2038
4315
2296
3253
415
1706
4941
303
1189
715
1916
4504
3989
4053
4905
2285
3816
339
3497
3383
4828
3617
628
89
4726
1383
2901
1164
882
4535
2276
889
4853
2799
1940
571
4818
1524
992
1110
1081
1131
1801
2504
38
1869
2147
1578
3365
3854
2126
4554
3187
2258
3039
4129
1143
1661
1486
4612
3136
1709
131
3761
1512
3183
530
3432
3910
602
3045
4819
3098
2683
1841
3036
3489
2030
2504
3273
1984
3023
2205
806
2380
1594
1319
96
2952
349
3100
1585
345
1687
3951
477
4147
4037
3837
96
2591
177
2344
914
3868
727
6
3176
593
3414
556
1319
4957
4087
492
2407
4709
2374
1695
4427
3292
4338
4163
2033
1234
4490
4476
1098
1083
653
2441
423
3200
2550
1038
4157
531
3635
383
2160
2947
4864
3300
2152
2256
517
2855
985
1168
201
4450
2757
296
3449
566
382
2934
249
3423
1899
1547
1445
3243
2137
1142
4804
1
787
1691
1890
4862
4727
3363
3801
258
358
2365
1187
4793
1160
1970
4415
286
106
823
293
1986
1413
1779
1143
4258
3516
1895
1543
4983
3218
3461
1607
6
3333
3705
593
1879
3283
1093
931
507
2399
4193
3438
3359
3960
4447
612
678
2215
2333
1883
4274
1267
171
2650
3099
3618
1244
3127
3776
2806
713
2843
4969
2793
2929
971
2104
4087
3509
852
4124
3879
4455
121
821
4509
4475
3372
2302
2711
2982
2791
1475
818
3659
4701
2644
2536
372
2291
2658
1064
974
1012
1655
1851
4653
1245
346
4558
2670
510
543
153
444
4634
2429
2978
2041
2091
4233
895
1486
588
513
3654
4087
1341
2050
1131
3149
1813
3442
1614
1199
887
1994
3149
3539
4203
2947
3797
2405
4095
402
3857
2858
4938
2286
4149
3447
2966
4085
2370
1818
1895
2134
69
2130
164
4970
4726
1355
65
284
2922
3833
2582
2271
4438
4662
2368
159
2329
4334
378
103
4292
3895
2872
4658
4952
1015
3671
157
1516
1597
3004
3305
1594
378
2144
3398
4813
3248
2996
1507
506
4136
1351
2219
2535
3074
3401
3873
1820
1293
3115
1476
3725
526
3790
4877
1977
1069
2308
2525
3162
852
2463
4908
3721
3905
4068
2524
2237
4314
1426
1252
664
744
4437
2736
4990
3852
3218
886
3211
1461
1327
3491
2440
4796
1497
972
2234
2255
3632
1497
4335
3530
3643
1843
3885
4764
699
4495
4089
268
1831
3562
4745
3428
4244
412
4615
2950
694
2857
3466
2188
336
18
1114
2956
4868
3
2792
3471
3607
1357
216
2083
2100
2899
4804
2486
1979
1834
198
483
2846
762
3057
4497
4920
665
4133
4494
1315
2623
4253
3164
3636
2876
1934
4322
4348
4189
3007
1619
1246
3773
1928
747
88
3552
3888
2557
2648
4371
3863
1913
1740
1567
1068
99
2958
805
1284
2928
3882
979
4376
4706
4438
1332
697
4914
3253
2558
1563
1380
2007
2437
4067
4190
1393
2597
974
1435
4076
3924
4888
76
3365
374
790
1646
2560
4946
2280
1599
770
2522
4950
4977
4122
1088
2646
3521
3538
3995
4888
2393
3896
2241
4478
3913
91
3471
1467
3605
1893
3451
3214
3896
4484
1154
4451
2014
4620
198
3014
4855
4749
1831
3869
3263
2668
4979
642
2546
2728
4608
3361
2637
1467
4813
1468
423
1924
3177
1977
1119
2037
1243
2548
4359
1526
4008
518
102
461
3355
4026
1164
1247
1543
3824
2054
3968
2352
2072
3169
2603
272
380
3267
238
2645
1514
589
4582
367
29
4628
1258
936
1895
4751
1950
4436
789
3283
2303
2919
4167
970
2597
4006
2858
3963
138
1645
1740
2866
4454
4032
1508
4672
1429
3229
2515
2805
1973
495
3019
2858
1983
1981
3026
1043
2153
3913
234
1985
382
269
3433
1646
3651
2399
368
4618
3823
4613
4443
74
4750
1251
3652
4912
2794
4898
4428
3949
1047
2538
2182
2747
280
3224
1257
3456
3043
483
2379
1628
846
2104
2325
2587
1685
4622
3615
2270
3554
2948
4336
4452
4255
566
2569
198
2218
3614
1799
4017
3533
4567
3116
1556
4546
3828
2169
472
928
4303
674
3455
308
2454
2542
4574
3078
296
3049
3388
3991
2494
880
517
3780
1772
4984
1536
2394
654
4091
659
1070
335
360
3288
4039
3125
278
3897
947
2665
3236
1904
3058
4186
4616
2105
635
2289
4915
2128
1386
663
222
2407
4466
330
3091
4216
3132
2462
2897
3425
3068
793
1237
3965
3685
2815
4594
2847
817
2804
3862
4921
758
3608
2544
2298
2272
2300
3073
1862
2703
1987
2622
3376
4565
155
2199
1179
4486
3283
3847
1822
3780
1902
4297
677
70
918
4251
2428
4949
948
2346
2175
195
644
634
4868
344
1917
3631
4106
4426
4573
4501
2763
1696
3156
1416
3821
1427
911
1753
4030
2650
2501
2822
4085
1824
1598
605
4878
644
4151
2156
4861
2829
1969
2352
2732
2752
4898
4617
855
3136
1051
2878
1341
4848
984
2346
3553
3111
3743
2602
2678
4265
2528
3481
4289
4430
2275
1699
3216
66
3358
1746
2993
393
669
3280
2469
2924
1396
2642
3099
3195
417
253
4144
2257
420
833
3388
871
3776
2990
4377
654
4403
1806
2717
4013
2425
4025
2358
1586
1567
103
1453
3625
2091
4710
2571
2391
185
2720
312
1617
4369
4711
322
790
2860
4008
810
3085
4548
2338
3619
605
3555
1457
756
1375
3852
3532
861
2449
510
127
422
4082
3391
3109
4258
2374
3229
1013
1130
853
3200
872
879
4044
2307
2685
263
1615
3561
1065
1377
665
1964
4910
627
2714
1296
4463
2416
3915
942
3413
1864
1121
4813
2937
4263
2420
667
4391
4727
3355
4818
1067
4377
3294
3005
4050
4095
3096
1113
736
4821
3295
3153
97
3942
3008
4385
1782
275
836
244
567
1198
2081
65
4103
3293
758
4792
4672
1345
1896
3731
4660
4190
3386
4223
4581
1357
1516
4026
4218
1341
1698
4382
894
3985
551
1403
3854
3723
3431
4028
3047
165
2238
1671
4402
1056
2240
912
4269
2726
1526
2759
3944
2353
2137
4141
4864
1007
2415
3486
1459
2733
863
2456
3433
4072
2674
755
4651
2882
2424
872
2714
2041
4588
2179
1727
4668
2054
4501
2467
1687
1891
1058
2234
2135
914
74
4384
2423
3773
4667
1632
983
282
4027
1261
3942
982
3707
1495
574
565
3495
205
3990
64
3994
1257
382
2435
118
260
659
3881
3929
3134
986
1007
2267
234
2217
4467
3580
4948
2881
175
4514
104
2640
